  -987.500000       0.00000000    
  -975.000000       0.00000000    
  -962.500000       0.00000000    
  -950.000000       0.00000000    
  -937.500000       0.00000000    
  -925.000000       0.00000000    
  -912.500000       0.00000000    
  -900.000000       0.00000000    
  -887.500000       0.00000000    
  -875.000000       0.00000000    
  -862.500000       0.00000000    
  -850.000000       0.00000000    
  -837.500000       0.00000000    
  -825.000000       0.00000000    
  -812.500000       0.00000000    
  -800.000000       0.00000000    
  -787.500000       0.00000000    
  -775.000000       0.00000000    
  -762.500000       0.00000000    
  -750.000000       0.00000000    
  -737.500000       0.00000000    
  -725.000000       0.00000000    
  -712.500000       0.00000000    
  -700.000000       0.00000000    
  -687.500000       0.00000000    
  -675.000000       0.00000000    
  -662.500000       0.00000000    
  -650.000000       0.00000000    
  -637.500000       0.00000000    
  -625.000000       0.00000000    
  -612.500000       0.00000000    
  -600.000000       0.00000000    
  -587.500000       0.00000000    
  -575.000000       0.00000000    
  -562.500000       0.00000000    
  -550.000000       0.00000000    
  -537.500000       0.00000000    
  -525.000000       0.00000000    
  -512.500000       0.00000000    
  -500.000000       0.00000000    
  -487.500000       0.00000000    
  -475.000000       0.00000000    
  -462.500000       0.00000000    
  -450.000000       0.00000000    
  -437.500000       0.00000000    
  -425.000000       0.00000000    
  -412.500000       0.00000000    
  -400.000000       0.00000000    
  -387.500000       0.00000000    
  -375.000000       0.00000000    
  -362.500000       0.00000000    
  -350.000000       0.00000000    
  -337.500000       0.00000000    
  -325.000000       0.00000000    
  -312.500000       0.00000000    
  -300.000000       0.00000000    
  -287.500000       0.00000000    
  -275.000000       0.00000000    
  -262.500000       0.00000000    
  -250.000000       0.00000000    
  -237.500000       0.00000000    
  -225.000000       0.00000000    
  -212.500000       0.00000000    
  -200.000000       0.00000000    
  -187.500000       0.00000000    
  -175.000000       0.00000000    
  -162.500000       0.00000000    
  -150.000000       0.00000000    
  -137.500000       0.00000000    
  -125.000000       0.00000000    
  -112.500000       0.00000000    
  -100.000000       0.00000000    
  -87.5000000       0.00000000    
  -75.0000000       0.00000000    
  -62.5000000       0.00000000    
  -50.0000000       0.00000000    
  -37.5000000       0.00000000    
  -25.0000000       0.00000000    
  -12.5000000       0.00000000    
   0.00000000       0.00000000    
   12.5000000       7.81223894E-42
   25.0000000       4.73807037E-41
   37.5000000       1.85405800E-40
   50.0000000       7.22296491E-40
   62.5000000       2.79989242E-39
   75.0000000       1.06996705E-38
   87.5000000       4.04586816E-38
   100.000000       1.51472988E-37
   112.500000       5.61526617E-37
   125.000000       2.06136430E-36
   137.500000       7.49284306E-36
   150.000000       2.69587002E-35
   162.500000       9.59648735E-35
   175.000000       3.37828122E-34
   187.500000       1.17572688E-33
   200.000000       4.04445766E-33
   212.500000       1.37506552E-32
   225.000000       4.62054033E-32
   237.500000       1.53454487E-31
   250.000000       5.03730456E-31
   262.500000       1.63441111E-30
   275.000000       5.24177457E-30
   287.500000       1.66171026E-29
   300.000000       5.20708804E-29
   312.500000       1.61285679E-28
   325.000000       4.93802756E-28
   337.500000       1.49438364E-27
   350.000000       4.47010805E-27
   362.500000       1.32167420E-26
   375.000000       3.86273446E-26
   387.500000       1.11597342E-25
   400.000000       3.18738164E-25
   412.500000       9.00060218E-25
   425.000000       2.51304381E-24
   437.500000       6.93821941E-24
   450.000000       1.89424941E-23
   462.500000       5.11427108E-23
   475.000000       1.36552630E-22
   487.500000       3.60576354E-22
   500.000000       9.41642538E-22
   512.500000       2.43207882E-21
   525.000000       6.21274436E-21
   537.500000       1.56969444E-20
   550.000000       3.92268434E-20
   562.500000       9.69613618E-20
   575.000000       2.37066862E-19
   587.500000       5.73336770E-19
   600.000000       1.37159377E-18
   612.500000       3.24585714E-18
   625.000000       7.59860105E-18
   637.500000       1.75975313E-17
   650.000000       4.03178683E-17
   662.500000       9.13870994E-17
   675.000000       2.04939873E-16
   687.500000       4.54709468E-16
   700.000000       9.98202070E-16
   712.500000       2.16815405E-15
   725.000000       4.65971120E-15
   737.500000       9.90912674E-15
   750.000000       2.08511322E-14
   762.500000       4.34163068E-14
   775.000000       8.94574467E-14
   787.500000       1.82403273E-13
   800.000000       3.68056280E-13
   812.500000       7.34979460E-13
   825.000000       1.45254739E-12
   837.500000       2.84115526E-12
   850.000000       5.50027385E-12
   862.500000       1.05393385E-11
   875.000000       1.99892377E-11
   887.500000       3.75271897E-11
   900.000000       6.97388952E-11
   912.500000       1.28290836E-10
   925.000000       2.33626007E-10
   937.500000       4.21178453E-10
   950.000000       7.51704754E-10
   962.500000       1.32826061E-09
   975.000000       2.32377673E-09
   987.500000       4.02533917E-09
   1000.00000       6.90447877E-09
   1012.50000       1.17274581E-08
   1025.00000       1.97263610E-08
   1037.50000       3.28614504E-08
   1050.00000       5.42188872E-08
   1062.50000       8.86068534E-08
   1075.00000       1.43438825E-07
   1087.50000       2.30027752E-07
   1100.00000       3.65460892E-07
   1112.50000       5.75286720E-07
   1125.00000       8.97324071E-07
   1137.50000       1.38700489E-06
   1150.00000       2.12479290E-06
   1162.50000       3.22637379E-06
   1175.00000       4.85651526E-06
   1187.50000       7.24772144E-06
   1200.00000       1.07251035E-05
   1212.50000       1.57391969E-05
   1225.00000       2.29089092E-05
   1237.50000       3.30771909E-05
   1250.00000       4.73826585E-05
   1262.50000       6.73509494E-05
   1275.00000       9.50105023E-05
   1287.50000       1.33038106E-04
   1300.00000       1.84940785E-04
   1312.50000       2.55281717E-04
   1325.00000       3.49959621E-04
   1337.50000       4.76552115E-04
   1350.00000       6.44735934E-04
   1362.50000       8.66799441E-04
   1375.00000       1.15826586E-03
   1387.50000       1.53864746E-03
   1400.00000       2.03235447E-03
   1412.50000       2.66979076E-03
   1425.00000       3.48866894E-03
   1437.50000       4.53557493E-03
   1450.00000       5.86784165E-03
   1462.50000       7.55577534E-03
   1475.00000       9.68527514E-03
   1487.50000       1.23609267E-02
   1500.00000       1.57096442E-02
   1512.50000       1.98848993E-02
   1525.00000       2.50716656E-02
   1537.50000       3.14921141E-02
   1550.00000       3.94121781E-02
   1562.50000       4.91490811E-02
   1575.00000       6.10798746E-02
   1587.50000       7.56511390E-02
   1600.00000       9.33898464E-02
   1612.50000      0.114915565    
   1625.00000      0.140953988    
   1637.50000      0.172351778    
   1650.00000      0.210093111    
   1662.50000      0.255317152    
   1675.00000      0.309337258    
   1687.50000      0.373661578    
   1700.00000      0.450014651    
   1712.50000      0.540359616    
   1725.00000      0.646922350    
   1737.50000      0.772214890    
   1750.00000      0.919059515    
   1762.50000       1.09061217    
   1775.00000       1.29038572    
   1787.50000       1.52227044    
   1800.00000       1.79055262    
   1812.50000       2.09993196    
   1825.00000       2.45553207    
   1837.50000       2.86290646    
   1850.00000       3.32804132    
   1862.50000       3.85735059    
   1875.00000       4.45765781    
   1887.50000       5.13617468    
   1900.00000       5.90046406    
   1912.50000       6.75839758    
   1925.00000       7.71809816    
   1937.50000       8.78787136    
   1950.00000       9.97611237    
   1962.50000       11.2912130    
   1975.00000       12.7414532    
   1987.50000       14.3348408    
   2000.00000       16.0790100    
   2012.50000       17.9810619    
   2025.00000       20.0473557    
   2037.50000       22.2833652    
   2050.00000       24.6935005    
   2062.50000       27.2808762    
   2075.00000       30.0471668    
   2087.50000       32.9923706    
   2100.00000       36.1146545    
   2112.50000       39.4101639    
   2125.00000       42.8727989    
   2137.50000       46.4941635    
   2150.00000       50.2633896    
   2162.50000       54.1670227    
   2175.00000       58.1889877    
   2187.50000       62.3105164    
   2200.00000       66.5102386    
   2212.50000       70.7641296    
   2225.00000       75.0457077    
   2237.50000       79.3261185    
   2250.00000       83.5743866    
   2262.50000       87.7575531    
   2275.00000       91.8410339    
   2287.50000       95.7890854    
   2300.00000       99.5650330    
   2312.50000       103.131683    
   2325.00000       106.451965    
   2337.50000       109.489212    
   2350.00000       112.207779    
   2362.50000       114.573441    
   2375.00000       116.554016    
   2387.50000       118.119919    
   2400.00000       119.244492    
   2412.50000       119.904541    
   2425.00000       120.080803    
   2437.50000       119.758179    
   2450.00000       118.926292    
   2462.50000       117.579483    
   2475.00000       115.717102    
   2487.50000       113.343658    
   2500.00000       110.468872    
   2512.50000       107.107620    
   2525.00000       103.279701    
   2537.50000       99.0096741    
   2550.00000       94.3265839    
   2562.50000       89.2637177    
   2575.00000       83.8580933    
   2587.50000       78.1499863    
   2600.00000       72.1822586    
   2612.50000       65.9998703    
   2625.00000       59.6495972    
   2637.50000       53.1793213    
   2650.00000       46.6369743    
   2662.50000       40.0701752    
   2675.00000       33.5259552    
   2687.50000       27.0498085    
   2700.00000       20.6851521    
   2712.50000       14.4731960    
   2725.00000       8.45234585    
   2737.50000       2.65767741    
   2750.00000      -2.87935328    
   2762.50000      -8.13110828    
   2775.00000      -13.0738583    
   2787.50000      -17.6881409    
   2800.00000      -21.9590435    
   2812.50000      -25.8758965    
   2825.00000      -29.4322052    
   2837.50000      -32.6255913    
   2850.00000      -35.4569893    
   2862.50000      -37.9301682    
   2875.00000      -40.0519180    
   2887.50000      -41.8318329    
   2900.00000      -43.2821045    
   2912.50000      -44.4176559    
   2925.00000      -45.2556763    
   2937.50000      -45.8148155    
   2950.00000      -46.1143951    
   2962.50000      -46.1741638    
   2975.00000      -46.0143509    
   2987.50000      -45.6558876    
   3000.00000      -45.1199799    
   3012.50000      -44.4275742    
   3025.00000      -43.5988503    
   3037.50000      -42.6528664    
   3050.00000      -41.6077652    
   3062.50000      -40.4809341    
   3075.00000      -39.2888260    
   3087.50000      -38.0463905    
   3100.00000      -36.7673950    
   3112.50000      -35.4648743    
   3125.00000      -34.1506500    
   3137.50000      -32.8347168    
   3150.00000      -31.5254707    
   3162.50000      -30.2304592    
   3175.00000      -28.9565048    
   3187.50000      -27.7092533    
   3200.00000      -26.4930038    
   3212.50000      -25.3110256    
   3225.00000      -24.1661835    
   3237.50000      -23.0608978    
   3250.00000      -21.9965534    
   3262.50000      -20.9735336    
   3275.00000      -19.9917355    
   3287.50000      -19.0508804    
   3300.00000      -18.1503677    
   3312.50000      -17.2891846    
   3325.00000      -16.4661522    
   3337.50000      -15.6801882    
   3350.00000      -14.9299040    
   3362.50000      -14.2132950    
   3375.00000      -13.5287142    
   3387.50000      -12.8760185    
   3400.00000      -12.2566729    
   3412.50000      -11.6730728    
   3425.00000      -11.1274223    
   3437.50000      -10.6204205    
   3450.00000      -10.1504250    
   3462.50000      -9.71319008    
   3475.00000      -9.30225563    
   3487.50000      -8.91054535    
   3500.00000      -8.53262901    
   3512.50000      -8.16634750    
   3525.00000      -7.81309128    
   3537.50000      -7.47601271    
   3550.00000      -7.15650272    
   3562.50000      -6.85194016    
   3575.00000      -6.55749130    
   3587.50000      -6.27042770    
   3600.00000      -5.99208212    
   3612.50000      -5.72502232    
   3625.00000      -5.46907902    
   3637.50000      -5.22141838    
   3650.00000      -4.98001289    
   3662.50000      -4.74531841    
   3675.00000      -4.51835585    
   3687.50000      -4.29888535    
   3700.00000      -4.08589888    
   3712.50000      -3.87857938    
   3725.00000      -3.67651701    
   3737.50000      -3.47975469    
   3750.00000      -3.28855705    
   3762.50000      -3.10279751    
   3775.00000      -2.92177200    
   3787.50000      -2.74476814    
   3800.00000      -2.57179594    
   3812.50000      -2.40342331    
   3825.00000      -2.23956060    
   3837.50000      -2.07917356    
   3850.00000      -1.92182446    
   3862.50000      -1.76827264    
   3875.00000      -1.61879861    
   3887.50000      -1.47237706    
   3900.00000      -1.32834673    
   3912.50000      -1.18742728    
   3925.00000      -1.05012119    
   3937.50000     -0.915538907    
   3950.00000     -0.782918632    
   3962.50000     -0.652864635    
   3975.00000     -0.525894582    
   3987.50000     -0.401259184    
   4000.00000     -0.278349310    
   4012.50000     -0.157730013    
   4025.00000      -3.97491306E-02
   4037.50000       7.63285011E-02
   4050.00000      0.190961391    
   4062.50000      0.303634405    
   4075.00000      0.414081722    
   4087.50000      0.522813976    
   4100.00000      0.630182981    
   4112.50000      0.735981464    
   4125.00000      0.840017796    
   4137.50000      0.942498922    
   4150.00000       1.04371965    
   4162.50000       1.14357543    
   4175.00000       1.24184954    
   4187.50000       1.33882475    
   4200.00000       1.43484092    
   4212.50000       1.52970552    
   4225.00000       1.62326825    
   4237.50000       1.71576881    
   4250.00000       1.80726576    
   4262.50000       1.89760840    
   4275.00000       1.98689151    
   4287.50000       2.07532907    
   4300.00000       2.16295266    
   4312.50000       2.24967527    
   4325.00000       2.33550072    
   4337.50000       2.42056370    
   4350.00000       2.50489163    
   4362.50000       2.58839893    
   4375.00000       2.67119765    
   4387.50000       2.75345135    
   4400.00000       2.83506322    
   4412.50000       2.91595125    
   4425.00000       2.99624872    
   4437.50000       3.07602406    
   4450.00000       3.15524721    
   4462.50000       3.23397970    
   4475.00000       3.31227469    
   4487.50000       3.39007807    
   4500.00000       3.46736979    
   4512.50000       3.54425144    
   4525.00000       3.62083173    
   4537.50000       3.69706035    
   4550.00000       3.77281475    
   4562.50000       3.84818983    
   4575.00000       3.92338443    
   4587.50000       3.99833322    
   4600.00000       4.07286024    
   4612.50000       4.14704609    
   4625.00000       4.22102833    
   4637.50000       4.29478264    
   4650.00000       4.36834288    
   4662.50000       4.44176769    
   4675.00000       4.51494980    
   4687.50000       4.58785629    
   4700.00000       4.66066170    
   4712.50000       4.73348188    
   4725.00000       4.80626202    
   4737.50000       4.87884569    
   4750.00000       4.95112610    
   4762.50000       5.02324295    
   4775.00000       5.09534025    
   4787.50000       5.16729832    
   4800.00000       5.23913050    
   4812.50000       5.31109715    
   4825.00000       5.38324833    
   4837.50000       5.45541573    
   4850.00000       5.52750301    
   4862.50000       5.59949207    
   4875.00000       5.67147684    
   4887.50000       5.74348927    
   4900.00000       5.81543732    
   4912.50000       5.88751984    
   4925.00000       5.95999384    
   4937.50000       6.03250694    
   4950.00000       6.10470486    
   4962.50000       6.17689514    
   4975.00000       6.24935865    
   4987.50000       6.32195807    
   5000.00000       6.39463139    
   5012.50000       6.46743011    
   5025.00000       6.54026985    
   5037.50000       6.61303854    
   5050.00000       6.68583298    
   5062.50000       6.75900078    
   5075.00000       6.83261013    
   5087.50000       6.90615177    
   5100.00000       6.97943020    
   5112.50000       7.05293560    
   5125.00000       7.12687206    
   5137.50000       7.20098639    
   5150.00000       7.27526379    
   5162.50000       7.34973717    
   5175.00000       7.42433167    
   5187.50000       7.49925613    
   5200.00000       7.57466030    
   5212.50000       7.65025234    
   5225.00000       7.72592163    
   5237.50000       7.80194950    
   5250.00000       7.87842178    
   5262.50000       7.95524025    
   5275.00000       8.03246689    
   5287.50000       8.11011791    
   5300.00000       8.18811417    
   5312.50000       8.26660919    
   5325.00000       8.34573555    
   5337.50000       8.42523003    
   5350.00000       8.50497437    
   5362.50000       8.58533096    
   5375.00000       8.66647720    
   5387.50000       8.74815369    
   5400.00000       8.83021069    
   5412.50000       8.91277981    
   5425.00000       8.99603748    
   5437.50000       9.08002281    
   5450.00000       9.16458321    
   5462.50000       9.24968624    
   5475.00000       9.33559418    
   5487.50000       9.42232609    
   5500.00000       9.50964928    
   5512.50000       9.59770584    
   5525.00000       9.68667030    
   5537.50000       9.77624226    
   5550.00000       9.86634827    
   5562.50000       9.95739555    
   5575.00000       10.0494156    
   5587.50000       10.1421032    
   5600.00000       10.2355862    
   5612.50000       10.3301601    
   5625.00000       10.4256992    
   5637.50000       10.5220518    
   5650.00000       10.6193829    
   5662.50000       10.7177067    
   5675.00000       10.8168736    
   5687.50000       10.9171104    
   5700.00000       11.0186319    
   5712.50000       11.1211634    
   5725.00000       11.2246246    
   5737.50000       11.3293552    
   5750.00000       11.4353333    
   5762.50000       11.5423431    
   5775.00000       11.6505642    
   5787.50000       11.7601471    
   5800.00000       11.8709469    
   5812.50000       11.9830198    
   5825.00000       12.0965290    
   5837.50000       12.2114077    
   5850.00000       12.3276119    
   5862.50000       12.4452877    
   5875.00000       12.5644989    
   5887.50000       12.6851845    
   5900.00000       12.8073750    
   5912.50000       12.9312010    
   5925.00000       13.0566673    
   5937.50000       13.1837215    
   5950.00000       13.3124599    
   5962.50000       13.4430046    
   5975.00000       13.5753241    
   5987.50000       13.7094879    
   6000.00000       13.8457012    
   6012.50000       13.9839077    
   6025.00000       14.1238413    
   6037.50000       14.2656832    
   6050.00000       14.4099159    
   6062.50000       14.5564299    
   6075.00000       14.7048960    
   6087.50000       14.8557434    
   6100.00000       15.0092983    
   6112.50000       15.1650867    
   6125.00000       15.3232327    
   6137.50000       15.4843483    
   6150.00000       15.6480522    
   6162.50000       15.8140736    
   6175.00000       15.9832191    
   6187.50000       16.1556206    
   6200.00000       16.3307858    
   6212.50000       16.5091057    
   6225.00000       16.6908836    
   6237.50000       16.8758240    
   6250.00000       17.0642738    
   6262.50000       17.2565384    
   6275.00000       17.4522743    
   6287.50000       17.6517487    
   6300.00000       17.8555470    
   6312.50000       18.0634918    
   6325.00000       18.2756214    
   6337.50000       18.4924469    
   6350.00000       18.7140121    
   6362.50000       18.9403381    
   6375.00000       19.1719036    
   6387.50000       19.4089470    
   6400.00000       19.6514683    
   6412.50000       19.8997498    
   6425.00000       20.1541424    
   6437.50000       20.4149628    
   6450.00000       20.6825962    
   6462.50000       20.9572563    
   6475.00000       21.2390862    
   6487.50000       21.5286617    
   6500.00000       21.8265266    
   6512.50000       22.1328182    
   6525.00000       22.4479408    
   6537.50000       22.7726784    
   6550.00000       23.1074448    
   6562.50000       23.4525986    
   6575.00000       23.8089714    
   6587.50000       24.1772804    
   6600.00000       24.5579624    
   6612.50000       24.9517689    
   6625.00000       25.3595963    
   6637.50000       25.7822609    
   6650.00000       26.2206440    
   6662.50000       26.6755981    
   6675.00000       27.1482620    
   6687.50000       27.6400356    
   6700.00000       28.1518612    
   6712.50000       28.6847515    
   6725.00000       29.2404728    
   6737.50000       29.8204842    
   6750.00000       30.4258041    
   6762.50000       31.0581932    
   6775.00000       31.7195930    
   6787.50000       32.4114418    
   6800.00000       33.1354637    
   6812.50000       33.8935204    
   6825.00000       34.6872482    
   6837.50000       35.5185242    
   6850.00000       36.3891716    
   6862.50000       37.3006363    
   6875.00000       38.2547607    
   6887.50000       39.2532768    
   6900.00000       40.2970734    
   6912.50000       41.3872223    
   6925.00000       42.5249176    
   6937.50000       43.7102776    
   6950.00000       44.9431305    
   6962.50000       46.2235298    
   6975.00000       47.5505524    
   6987.50000       48.9220810    
   7000.00000       50.3358841    
   7012.50000       51.7891617    
   7025.00000       53.2778053    
   7037.50000       54.7967911    
   7050.00000       56.3402405    
   7062.50000       57.9008713    
   7075.00000       59.4702301    
   7087.50000       61.0389137    
   7100.00000       62.5963058    
   7112.50000       64.1302185    
   7125.00000       65.6271286    
   7137.50000       67.0722275    
   7150.00000       68.4494781    
   7162.50000       69.7417679    
   7175.00000       70.9307404    
   7187.50000       71.9970016    
   7200.00000       72.9202499    
   7212.50000       73.6795807    
   7225.00000       74.2533264    
   7237.50000       74.6194763    
   7250.00000       74.7563400    
   7262.50000       74.6425323    
   7275.00000       74.2568054    
   7287.50000       73.5786896    
   7300.00000       72.5895081    
   7312.50000       71.2720413    
   7325.00000       69.6104965    
   7337.50000       67.5918198    
   7350.00000       65.2057953    
   7362.50000       62.4444427    
   7375.00000       59.3033867    
   7387.50000       55.7823944    
   7400.00000       51.8841248    
   7412.50000       47.6150360    
   7425.00000       42.9867020    
   7437.50000       38.0143967    
   7450.00000       32.7169228    
   7462.50000       27.1183624    
   7475.00000       21.2469521    
   7487.50000       15.1335135    
   7500.00000       8.81302547    
   7512.50000       2.32456970    
   7525.00000      -4.29088974    
   7537.50000      -10.9900217    
   7550.00000      -17.7262592    
   7562.50000      -24.4520264    
   7575.00000      -31.1197948    
   7587.50000      -37.6809464    
   7600.00000      -44.0868721    
   7612.50000      -50.2907944    
   7625.00000      -56.2473145    
   7637.50000      -61.9126472    
   7650.00000      -67.2459412    
   7662.50000      -72.2097321    
   7675.00000      -76.7701645    
   7687.50000      -80.8978577    
   7700.00000      -84.5678101    
   7712.50000      -87.7595367    
   7725.00000      -90.4576416    
   7737.50000      -92.6519241    
   7750.00000      -94.3372803    
   7762.50000      -95.5137634    
   7775.00000      -96.1864548    
   7787.50000      -96.3651276    
   7800.00000      -96.0642090    
   7812.50000      -95.3024139    
   7825.00000      -94.1024704    
   7837.50000      -92.4905548    
   7850.00000      -90.4954529    
   7862.50000      -88.1486740    
   7875.00000      -85.4841003    
   7887.50000      -82.5369568    
   7900.00000      -79.3433609    
   7912.50000      -75.9402237    
   7925.00000      -72.3640900    
   7937.50000      -68.6505585    
   7950.00000      -64.8346939    
   7962.50000      -60.9503174    
   7975.00000      -57.0290070    
   7987.50000      -53.1004410    
   8000.00000      -49.1924973    
   8012.50000      -45.3305740    
   8025.00000      -41.5374413    
   8037.50000      -37.8339386    
   8050.00000      -34.2387085    
   8062.50000      -30.7674141    
   8075.00000      -27.4332161    
   8087.50000      -24.2469883    
   8100.00000      -21.2164688    
   8112.50000      -18.3465691    
   8125.00000      -15.6407337    
   8137.50000      -13.1008053    
   8150.00000      -10.7265625    
   8162.50000      -8.51640511    
   8175.00000      -6.46780157    
   8187.50000      -4.57685089    
   8200.00000      -2.83807158    
   8212.50000      -1.24479604    
   8225.00000      0.210076183    
   8237.50000       1.53371108    
   8250.00000       2.73362207    
   8262.50000       3.81751156    
   8275.00000       4.79278994    
   8287.50000       5.66705990    
   8300.00000       6.44854259    
   8312.50000       7.14531088    
   8325.00000       7.76479721    
   8337.50000       8.31398296    
   8350.00000       8.79921627    
   8362.50000       9.22634315    
   8375.00000       9.60133743    
   8387.50000       9.93004990    
   8400.00000       10.2175655    
   8412.50000       10.4683180    
   8425.00000       10.6860170    
   8437.50000       10.8733711    
   8450.00000       11.0329790    
   8462.50000       11.1682243    
   8475.00000       11.2822666    
   8487.50000       11.3767796    
   8500.00000       11.4524040    
   8512.50000       11.5101900    
   8525.00000       11.5523415    
   8537.50000       11.5819206    
   8550.00000       11.6025600    
   8562.50000       11.6186724    
   8575.00000       11.6347294    
   8587.50000       11.6540470    
   8600.00000       11.6793137    
   8612.50000       11.7129860    
   8625.00000       11.7551603    
   8637.50000       11.8026867    
   8650.00000       11.8513699    
   8662.50000       11.8972836    
   8675.00000       11.9373426    
   8687.50000       11.9709435    
   8700.00000       11.9999466    
   8712.50000       12.0272961    
   8725.00000       12.0570927    
   8737.50000       12.0932379    
   8750.00000       12.1358500    
   8762.50000       12.1810646    
   8775.00000       12.2240887    
   8787.50000       12.2613659    
   8800.00000       12.2926197    
   8812.50000       12.3217430    
   8825.00000       12.3533096    
   8837.50000       12.3891153    
   8850.00000       12.4286966    
   8862.50000       12.4699688    
   8875.00000       12.5093584    
   8887.50000       12.5444441    
   8900.00000       12.5758972    
   8912.50000       12.6064358    
   8925.00000       12.6397915    
   8937.50000       12.6786547    
   8950.00000       12.7208939    
   8962.50000       12.7606735    
   8975.00000       12.7949886    
   8987.50000       12.8264484    
   9000.00000       12.8599577    
   9012.50000       12.8985901    
   9025.00000       12.9413910    
   9037.50000       12.9839764    
   9050.00000       13.0224419    
   9062.50000       13.0571766    
   9075.00000       13.0923586    
   9087.50000       13.1316128    
   9100.00000       13.1747084    
   9112.50000       13.2183199    
   9125.00000       13.2590809    
   9137.50000       13.2963467    
   9150.00000       13.3332806    
   9162.50000       13.3741064    
   9175.00000       13.4192524    
   9187.50000       13.4646301    
   9200.00000       13.5060425    
   9212.50000       13.5436697    
   9225.00000       13.5822706    
   9237.50000       13.6258659    
   9250.00000       13.6725044    
   9262.50000       13.7167406    
   9275.00000       13.7564173    
   9287.50000       13.7946806    
   9300.00000       13.8361301    
   9312.50000       13.8815775    
   9325.00000       13.9269562    
   9337.50000       13.9685125    
   9350.00000       14.0073547    
   9362.50000       14.0474262    
   9375.00000       14.0910168    
   9387.50000       14.1363392    
   9400.00000       14.1790543    
   9412.50000       14.2179232    
   9425.00000       14.2569790    
   9437.50000       14.2997131    
   9450.00000       14.3445234    
   9462.50000       14.3875341    
   9475.00000       14.4271383    
   9487.50000       14.4659691    
   9500.00000       14.5083914    
   9512.50000       14.5540619    
   9525.00000       14.5974932    
   9537.50000       14.6367245    
   9550.00000       14.6766109    
   9562.50000       14.7207489    
   9575.00000       14.7662945    
   9587.50000       14.8089676    
   9600.00000       14.8488855    
   9612.50000       14.8900719    
   9625.00000       14.9351730    
   9637.50000       14.9814425    
   9650.00000       15.0246124    
   9662.50000       15.0658569    
   9675.00000       15.1096897    
   9687.50000       15.1564121    
   9700.00000       15.2024670    
   9712.50000       15.2463293    
   9725.00000       15.2898693    
   9737.50000       15.3353081    
   9750.00000       15.3825140    
   9762.50000       15.4292793    
   9775.00000       15.4745255    
   9787.50000       15.5198364    
   9800.00000       15.5669022    
   9812.50000       15.6152306    
   9825.00000       15.6629448    
   9837.50000       15.7091465    
   9850.00000       15.7553873    
   9862.50000       15.8036985    
   9875.00000       15.8530884    
   9887.50000       15.9009171    
   9900.00000       15.9475164    
   9912.50000       15.9955597    
   9925.00000       16.0452843    
   9937.50000       16.0943184    
   9950.00000       16.1417980    
   9962.50000       16.1895027    
   9975.00000       16.2389984    
   9987.50000       16.2893753    
   10000.0000       16.3383675    
   10012.5000       16.3859901    
   10025.0000       16.4350166    
   10037.5000       16.4860535    
   10050.0000       16.5361080    
   10062.5000       16.5842667    
   10075.0000       16.6333866    
   10087.5000       16.6845741    
   10100.0000       16.7353649    
   10112.5000       16.7843933    
   10125.0000       16.8335762    
   10137.5000       16.8846912    
   10150.0000       16.9364719    
   10162.5000       16.9869366    
   10175.0000       17.0366993    
   10187.5000       17.0877151    
   10200.0000       17.1400814    
   10212.5000       17.1919498    
   10225.0000       17.2424660    
   10237.5000       17.2935104    
   10250.0000       17.3465767    
   10262.5000       17.3995514    
   10275.0000       17.4505863    
   10287.5000       17.5018616    
   10300.0000       17.5551205    
   10312.5000       17.6086655    
   10325.0000       17.6611271    
   10337.5000       17.7132645    
   10350.0000       17.7663860    
   10362.5000       17.8208656    
   10375.0000       17.8749104    
   10387.5000       17.9273033    
   10400.0000       17.9806404    
   10412.5000       18.0363960    
   10425.0000       18.0913887    
   10437.5000       18.1445618    
   10450.0000       18.1992054    
   10462.5000       18.2556705    
   10475.0000       18.3110218    
   10487.5000       18.3653793    
   10500.0000       18.4209442    
   10512.5000       18.4774380    
   10525.0000       18.5333900    
   10537.5000       18.5888920    
   10550.0000       18.6449032    
   10562.5000       18.7017689    
   10575.0000       18.7587090    
   10587.5000       18.8148613    
   10600.0000       18.8711433    
   10612.5000       18.9287262    
   10625.0000       18.9861717    
   10637.5000       19.0422173    
   10650.0000       19.0988159    
   10662.5000       19.1569195    
   10675.0000       19.2142277    
   10687.5000       19.2703857    
   10700.0000       19.3277550    
   10712.5000       19.3861237    
   10725.0000       19.4433002    
   10737.5000       19.4997673    
   10750.0000       19.5573692    
   10762.5000       19.6156063    
   10775.0000       19.6730843    
   10787.5000       19.7303047    
   10800.0000       19.7884521    
   10812.5000       19.8470345    
   10825.0000       19.9049759    
   10837.5000       19.9627705    
   10850.0000       20.0214443    
   10862.5000       20.0805168    
   10875.0000       20.1389847    
   10887.5000       20.1972733    
   10900.0000       20.2563877    
   10912.5000       20.3161316    
   10925.0000       20.3756905    
   10937.5000       20.4352703    
   10950.0000       20.4955826    
   10962.5000       20.5564499    
   10975.0000       20.6174049    
   10987.5000       20.6787071    
   11000.0000       20.7405548    
   11012.5000       20.8025894    
   11025.0000       20.8649330    
   11037.5000       20.9279099    
   11050.0000       20.9910889    
   11062.5000       21.0542564    
   11075.0000       21.1178989    
   11087.5000       21.1820469    
   11100.0000       21.2464447    
   11112.5000       21.3112316    
   11125.0000       21.3763924    
   11137.5000       21.4419498    
   11150.0000       21.5081596    
   11162.5000       21.5744152    
   11175.0000       21.6402149    
   11187.5000       21.7065277    
   11200.0000       21.7734871    
   11212.5000       21.8400078    
   11225.0000       21.9066830    
   11237.5000       21.9743423    
   11250.0000       22.0416985    
   11262.5000       22.1085587    
   11275.0000       22.1763306    
   11287.5000       22.2441292    
   11300.0000       22.3108406    
   11312.5000       22.3780746    
   11325.0000       22.4460392    
   11337.5000       22.5129471    
   11350.0000       22.5797825    
   11362.5000       22.6478844    
   11375.0000       22.7152805    
   11387.5000       22.7815514    
   11400.0000       22.8489761    
   11412.5000       22.9170933    
   11425.0000       22.9843178    
   11437.5000       23.0518799    
   11450.0000       23.1203117    
   11462.5000       23.1881752    
   11475.0000       23.2556458    
   11487.5000       23.3236160    
   11500.0000       23.3918209    
   11512.5000       23.4603386    
   11525.0000       23.5293121    
   11537.5000       23.5983315    
   11550.0000       23.6677380    
   11562.5000       23.7376442    
   11575.0000       23.8073311    
   11587.5000       23.8772774    
   11600.0000       23.9482117    
   11612.5000       24.0191803    
   11625.0000       24.0897923    
   11637.5000       24.1610126    
   11650.0000       24.2325783    
   11662.5000       24.3036461    
   11675.0000       24.3744888    
   11687.5000       24.4450989    
   11700.0000       24.5149498    
   11712.5000       24.5841980    
   11725.0000       24.6526337    
   11737.5000       24.7194595    
   11750.0000       24.7848625    
   11762.5000       24.8485222    
   11775.0000       24.9086742    
   11787.5000       24.9652557    
   11800.0000       25.0191994    
   11812.5000       25.0684357    
   11825.0000       25.1110401    
   11837.5000       25.1480427    
   11850.0000       25.1781006    
   11862.5000       25.1974373    
   11875.0000       25.2059746    
   11887.5000       25.2039452    
   11900.0000       25.1870461    
   11912.5000       25.1522732    
   11925.0000       25.0995293    
   11937.5000       25.0253601    
   11950.0000       24.9249096    
   11962.5000       24.7962532    
   11975.0000       24.6360435    
   11987.5000       24.4382877    
   12000.0000       24.1988316    
   12012.5000       23.9135399    
   12025.0000       23.5755844    
   12037.5000       23.1789742    
   12050.0000       22.7184429    
   12062.5000       22.1860809    
   12075.0000       21.5739040    
   12087.5000       20.8756199    
   12100.0000       20.0828075    
   12112.5000       19.1856422    
   12125.0000       18.1765099    
   12137.5000       17.0474281    
   12150.0000       15.7881489    
   12162.5000       14.3896408    
   12175.0000       12.8442202    
   12187.5000       11.1430588    
   12200.0000       9.27759743    
   12212.5000       7.24075508    
   12225.0000       5.02593184    
   12237.5000       2.62752891    
   12250.0000       4.10903096E-02
   12262.5000      -2.73722839    
   12275.0000      -5.70903158    
   12287.5000      -8.87350655    
   12300.0000      -12.2291889    
   12312.5000      -15.7724857    
   12325.0000      -19.4962234    
   12337.5000      -23.3916855    
   12350.0000      -27.4483376    
   12362.5000      -31.6517982    
   12375.0000      -35.9849510    
   12387.5000      -40.4288292    
   12400.0000      -44.9614296    
   12412.5000      -49.5580978    
   12425.0000      -54.1917114    
   12437.5000      -58.8319817    
   12450.0000      -63.4471130    
   12462.5000      -68.0043716    
   12475.0000      -72.4679794    
   12487.5000      -76.8002853    
   12500.0000      -80.9647675    
   12512.5000      -84.9240417    
   12525.0000      -88.6387100    
   12537.5000      -92.0713959    
   12550.0000      -95.1872406    
   12562.5000      -97.9508820    
   12575.0000      -100.328049    
   12587.5000      -102.288895    
   12600.0000      -103.807274    
   12612.5000      -104.858917    
   12625.0000      -105.422974    
   12637.5000      -105.484283    
   12650.0000      -105.032585    
   12662.5000      -104.061035    
   12675.0000      -102.567978    
   12687.5000      -100.558449    
   12700.0000      -98.0419693    
   12712.5000      -95.0313492    
   12725.0000      -91.5455322    
   12737.5000      -87.6101685    
   12750.0000      -83.2540741    
   12762.5000      -78.5082703    
   12775.0000      -73.4093857    
   12787.5000      -67.9987106    
   12800.0000      -62.3179779    
   12812.5000      -56.4103470    
   12825.0000      -50.3231125    
   12837.5000      -44.1043396    
   12850.0000      -37.7999306    
   12862.5000      -31.4566994    
   12875.0000      -25.1226120    
   12887.5000      -18.8424015    
   12900.0000      -12.6576548    
   12912.5000      -6.60988283    
   12925.0000     -0.738148689    
   12937.5000       4.92396116    
   12950.0000       10.3459415    
   12962.5000       15.4994030    
   12975.0000       20.3610153    
   12987.5000       24.9122162    
   13000.0000       29.1374664    
   13012.5000       33.0258446    
   13025.0000       36.5709381    
   13037.5000       39.7689323    
   13050.0000       42.6202850    
   13062.5000       45.1297722    
   13075.0000       47.3036690    
   13087.5000       49.1514626    
   13100.0000       50.6867981    
   13112.5000       51.9232407    
   13125.0000       52.8753357    
   13137.5000       53.5618782    
   13150.0000       54.0017128    
   13162.5000       54.2121124    
   13175.0000       54.2134476    
   13187.5000       54.0271606    
   13200.0000       53.6718597    
   13212.5000       53.1668587    
   13225.0000       52.5331573    
   13237.5000       51.7891006    
   13250.0000       50.9510536    
   13262.5000       50.0360413    
   13275.0000       49.0596695    
   13287.5000       48.0352135    
   13300.0000       46.9756546    
   13312.5000       45.8935699    
   13325.0000       44.7997780    
   13337.5000       43.7035866    
   13350.0000       42.6133194    
   13362.5000       41.5362625    
   13375.0000       40.4784698    
   13387.5000       39.4444084    
   13400.0000       38.4378128    
   13412.5000       37.4625702    
   13425.0000       36.5211716    
   13437.5000       35.6145363    
   13450.0000       34.7442856    
   13462.5000       33.9117813    
   13475.0000       33.1159897    
   13487.5000       32.3560867    
   13500.0000       31.6326122    
   13512.5000       30.9443073    
   13525.0000       30.2890625    
   13537.5000       29.6669426    
   13550.0000       29.0779343    
   13562.5000       28.5201111    
   13575.0000       27.9919434    
   13587.5000       27.4930687    
   13600.0000       27.0230522    
   13612.5000       26.5813217    
   13625.0000       26.1678772    
   13637.5000       25.7832375    
   13650.0000       25.4272060    
   13662.5000       25.0983696    
   13675.0000       24.7952957    
   13687.5000       24.5160122    
   13700.0000       24.2569866    
   13712.5000       24.0151653    
   13725.0000       23.7879353    
   13737.5000       23.5708084    
   13750.0000       23.3600082    
   13762.5000       23.1545296    
   13775.0000       22.9531460    
   13787.5000       22.7555161    
   13800.0000       22.5648727    
   13812.5000       22.3835449    
   13825.0000       22.2112770    
   13837.5000       22.0494194    
   13850.0000       21.8986263    
   13862.5000       21.7551994    
   13875.0000       21.6159744    
   13887.5000       21.4802971    
   13900.0000       21.3461151    
   13912.5000       21.2125015    
   13925.0000       21.0827770    
   13937.5000       20.9594383    
   13950.0000       20.8420067    
   13962.5000       20.7305450    
   13975.0000       20.6246662    
   13987.5000       20.5218735    
   14000.0000       20.4205151    
   14012.5000       20.3205051    
   14025.0000       20.2219543    
   14037.5000       20.1261082    
   14050.0000       20.0347214    
   14062.5000       19.9481888    
   14075.0000       19.8659325    
   14087.5000       19.7863674    
   14100.0000       19.7071934    
   14112.5000       19.6280441    
   14125.0000       19.5505867    
   14137.5000       19.4761047    
   14150.0000       19.4054089    
   14162.5000       19.3386078    
   14175.0000       19.2739372    
   14187.5000       19.2094650    
   14200.0000       19.1450825    
   14212.5000       19.0817318    
   14225.0000       19.0205879    
   14237.5000       18.9625816    
   14250.0000       18.9072495    
   14262.5000       18.8530922    
   14275.0000       18.7991829    
   14287.5000       18.7455101    
   14300.0000       18.6925392    
   14312.5000       18.6412659    
   14325.0000       18.5924454    
   14337.5000       18.5454044    
   14350.0000       18.4988079    
   14362.5000       18.4521599    
   14375.0000       18.4056797    
   14387.5000       18.3599682    
   14400.0000       18.3161354    
   14412.5000       18.2744904    
   14425.0000       18.2336769    
   14437.5000       18.1923370    
   14450.0000       18.1503983    
   14462.5000       18.1087379    
   14475.0000       18.0688000    
   14487.5000       18.0309944    
   14500.0000       17.9935989    
   14512.5000       17.9550991    
   14525.0000       17.9160290    
   14537.5000       17.8775921    
   14550.0000       17.8406467    
   14562.5000       17.8053226    
   14575.0000       17.7701988    
   14587.5000       17.7337456    
   14600.0000       17.6964722    
   14612.5000       17.6598873    
   14625.0000       17.6246433    
   14637.5000       17.5902882    
   14650.0000       17.5554962    
   14662.5000       17.5193462    
   14675.0000       17.4828186    
   14687.5000       17.4474411    
   14700.0000       17.4131432    
   14712.5000       17.3788567    
   14725.0000       17.3438110    
   14737.5000       17.3077507    
   14750.0000       17.2712936    
   14762.5000       17.2357292    
   14775.0000       17.2012749    
   14787.5000       17.1664925    
   14800.0000       17.1302719    
   14812.5000       17.0933228    
   14825.0000       17.0570202    
   14837.5000       17.0214996    
   14850.0000       16.9857445    
   14862.5000       16.9490280    
   14875.0000       16.9114723    
   14887.5000       16.8738194    
   14900.0000       16.8370209    
   14912.5000       16.8006897    
   14925.0000       16.7629890    
   14937.5000       16.7235699    
   14950.0000       16.6842957    
   14962.5000       16.6459198    
   14975.0000       16.6074142    
   14987.5000       16.5682144    
   15000.0000       16.5282669    
   15012.5000       16.4876881    
   15025.0000       16.4473953    
   15037.5000       16.4075108    
   15050.0000       16.3665810    
   15062.5000       16.3244019    
   15075.0000       16.2822247    
   15087.5000       16.2399445    
   15100.0000       16.1970062    
   15112.5000       16.1538239    
   15125.0000       16.1098614    
   15137.5000       16.0645981    
   15150.0000       16.0198288    
   15162.5000       15.9762430    
   15175.0000       15.9315844    
   15187.5000       15.8853998    
   15200.0000       15.8393717    
   15212.5000       15.7933006    
   15225.0000       15.7466125    
   15237.5000       15.6998491    
   15250.0000       15.6522503    
   15262.5000       15.6035347    
   15275.0000       15.5555916    
   15287.5000       15.5082674    
   15300.0000       15.4594831    
   15312.5000       15.4098425    
   15325.0000       15.3606663    
   15337.5000       15.3109894    
   15350.0000       15.2603016    
   15362.5000       15.2092915    
   15375.0000       15.1578960    
   15387.5000       15.1061392    
   15400.0000       15.0543041    
   15412.5000       15.0017319    
   15425.0000       14.9480009    
   15437.5000       14.8935051    
   15450.0000       14.8383331    
   15462.5000       14.7826424    
   15475.0000       14.7265034    
   15487.5000       14.6692152    
   15500.0000       14.6109371    
   15512.5000       14.5524635    
   15525.0000       14.4929390    
   15537.5000       14.4316406    
   15550.0000       14.3697338    
   15562.5000       14.3073158    
   15575.0000       14.2434044    
   15587.5000       14.1785946    
   15600.0000       14.1130829    
   15612.5000       14.0457764    
   15625.0000       13.9773436    
   15637.5000       13.9085789    
   15650.0000       13.8381090    
   15662.5000       13.7659931    
   15675.0000       13.6937084    
   15687.5000       13.6201382    
   15700.0000       13.5440311    
   15712.5000       13.4667902    
   15725.0000       13.3889942    
   15737.5000       13.3096313    
   15750.0000       13.2287979    
   15762.5000       13.1467791    
   15775.0000       13.0631962    
   15787.5000       12.9782190    
   15800.0000       12.8918409    
   15812.5000       12.8037052    
   15825.0000       12.7142916    
   15837.5000       12.6236706    
   15850.0000       12.5311031    
   15862.5000       12.4368305    
   15875.0000       12.3411541    
   15887.5000       12.2432995    
   15900.0000       12.1433811    
   15912.5000       12.0421648    
   15925.0000       11.9390745    
   15937.5000       11.8337650    
   15950.0000       11.7269812    
   15962.5000       11.6183643    
   15975.0000       11.5073471    
   15987.5000       11.3948469    
   16000.0000       11.2807207    
   16012.5000       11.1634970    
   16025.0000       11.0437527    
   16037.5000       10.9228001    
   16050.0000       10.7998829    
   16062.5000       10.6743088    
   16075.0000       10.5465050    
   16087.5000       10.4161873    
   16100.0000       10.2832947    
   16112.5000       10.1485262    
   16125.0000       10.0113964    
   16137.5000       9.87131786    
   16150.0000       9.72885990    
   16162.5000       9.58378983    
   16175.0000       9.43574333    
   16187.5000       9.28564072    
   16200.0000       9.13315201    
   16212.5000       8.97703743    
   16225.0000       8.81803894    
   16237.5000       8.65649700    
   16250.0000       8.49124908    
   16262.5000       8.32296276    
   16275.0000       8.15233994    
   16287.5000       7.97780991    
   16300.0000       7.79951286    
   16312.5000       7.61884117    
   16325.0000       7.43434525    
   16337.5000       7.24524498    
   16350.0000       7.05331659    
   16362.5000       6.85785389    
   16375.0000       6.65722466    
   16387.5000       6.45303345    
   16400.0000       6.24575615    
   16412.5000       6.03325272    
   16425.0000       5.81584215    
   16437.5000       5.59475708    
   16450.0000       5.36875153    
   16462.5000       5.13745403    
   16475.0000       4.90185499    
   16487.5000       4.66103458    
   16500.0000       4.41412878    
   16512.5000       4.16193390    
   16525.0000       3.90419936    
   16537.5000       3.64015675    
   16550.0000       3.37011433    
   16562.5000       3.09367466    
   16575.0000       2.81013703    
   16587.5000       2.51986289    
   16600.0000       2.22226048    
   16612.5000       1.91621256    
   16625.0000       1.60228968    
   16637.5000       1.28052521    
   16650.0000      0.949559212    
   16662.5000      0.609351516    
   16675.0000      0.260008365    
   16687.5000      -9.97547284E-02
   16700.0000     -0.470276296    
   16712.5000     -0.851461649    
   16725.0000      -1.24445105    
   16737.5000      -1.64961672    
   16750.0000      -2.06710148    
   16762.5000      -2.49871469    
   16775.0000      -2.94509864    
   16787.5000      -3.40549755    
   16800.0000      -3.88153315    
   16812.5000      -4.37529802    
   16825.0000      -4.88646555    
   16837.5000      -5.41544676    
   16850.0000      -5.96439791    
   16862.5000      -6.53437757    
   16875.0000      -7.12591743    
   16887.5000      -7.74042988    
   16900.0000      -8.37941742    
   16912.5000      -9.04458237    
   16925.0000      -9.73754120    
   16937.5000      -10.4590559    
   16950.0000      -11.2108593    
   16962.5000      -11.9958744    
   16975.0000      -12.8153896    
   16987.5000      -13.6702538    
   17000.0000      -14.5634689    
   17012.5000      -15.4974842    
   17025.0000      -16.4729156    
   17037.5000      -17.4918213    
   17050.0000      -18.5571556    
   17062.5000      -19.6701126    
   17075.0000      -20.8318996    
   17087.5000      -22.0447884    
   17100.0000      -23.3101120    
   17112.5000      -24.6286621    
   17125.0000      -26.0016251    
   17137.5000      -27.4293537    
   17150.0000      -28.9114685    
   17162.5000      -30.4476929    
   17175.0000      -32.0369186    
   17187.5000      -33.6771278    
   17200.0000      -35.3658714    
   17212.5000      -37.0997124    
   17225.0000      -38.8741150    
   17237.5000      -40.6838684    
   17250.0000      -42.5225525    
   17262.5000      -44.3822594    
   17275.0000      -46.2538834    
   17287.5000      -48.1273422    
   17300.0000      -49.9915466    
   17312.5000      -51.8335571    
   17325.0000      -53.6385803    
   17337.5000      -55.3911247    
   17350.0000      -57.0746002    
   17362.5000      -58.6704445    
   17375.0000      -60.1592865    
   17387.5000      -61.5211639    
   17400.0000      -62.7345963    
   17412.5000      -63.7774200    
   17425.0000      -64.6275177    
   17437.5000      -65.2620010    
   17450.0000      -65.6575623    
   17462.5000      -65.7916794    
   17475.0000      -65.6429138    
   17487.5000      -65.1903839    
   17500.0000      -64.4137421    
   17512.5000      -63.2944489    
   17525.0000      -61.8170433    
   17537.5000      -59.9678917    
   17550.0000      -57.7350426    
   17562.5000      -55.1107559    
   17575.0000      -52.0910988    
   17587.5000      -48.6740952    
   17600.0000      -44.8620949    
   17612.5000      -40.6628838    
   17625.0000      -36.0872993    
   17637.5000      -31.1498299    
   17650.0000      -25.8703194    
   17662.5000      -20.2722721    
   17675.0000      -14.3829880    
   17687.5000      -8.23486328    
   17700.0000      -1.86324680    
   17712.5000       4.69405222    
   17725.0000       11.3947239    
   17737.5000       18.1939583    
   17750.0000       25.0463524    
   17762.5000       31.9038601    
   17775.0000       38.7171974    
   17787.5000       45.4386292    
   17800.0000       52.0198021    
   17812.5000       58.4117470    
   17825.0000       64.5690689    
   17837.5000       70.4490814    
   17850.0000       76.0092468    
   17862.5000       81.2107773    
   17875.0000       86.0207977    
   17887.5000       90.4093628    
   17900.0000       94.3497620    
   17912.5000       97.8215790    
   17925.0000       100.809914    
   17937.5000       103.303589    
   17950.0000       105.296768    
   17962.5000       106.789665    
   17975.0000       107.786530    
   17987.5000       108.295883    
   18000.0000       108.332253    
   18012.5000       107.914352    
   18025.0000       107.063309    
   18037.5000       105.804550    
   18050.0000       104.167648    
   18062.5000       102.183014    
   18075.0000       99.8823471    
   18087.5000       97.3008499    
   18100.0000       94.4744492    
   18112.5000       91.4377060    
   18125.0000       88.2262421    
   18137.5000       84.8765717    
   18150.0000       81.4227295    
   18162.5000       77.8965530    
   18175.0000       74.3296051    
   18187.5000       70.7515106    
   18200.0000       67.1886063    
   18212.5000       63.6654587    
   18225.0000       60.2049179    
   18237.5000       56.8262100    
   18250.0000       53.5461731    
   18262.5000       50.3803787    
   18275.0000       47.3410416    
   18287.5000       44.4373970    
   18300.0000       41.6779823    
   18312.5000       39.0687485    
   18325.0000       36.6123505    
   18337.5000       34.3110733    
   18350.0000       32.1654091    
   18362.5000       30.1720829    
   18375.0000       28.3278656    
   18387.5000       26.6295528    
   18400.0000       25.0705376    
   18412.5000       23.6441536    
   18425.0000       22.3458977    
   18437.5000       21.1689053    
   18450.0000       20.1046562    
   18462.5000       19.1469345    
   18475.0000       18.2887840    
   18487.5000       17.5213928    
   18500.0000       16.8379726    
   18512.5000       16.2320538    
   18525.0000       15.6952248    
   18537.5000       15.2208939    
   18550.0000       14.8041534    
   18562.5000       14.4384708    
   18575.0000       14.1184139    
   18587.5000       13.8407202    
   18600.0000       13.6003284    
   18612.5000       13.3919506    
   18625.0000       13.2129269    
   18637.5000       13.0596943    
   18650.0000       12.9279518    
   18662.5000       12.8168373    
   18675.0000       12.7255678    
   18687.5000       12.6504230    
   18700.0000       12.5897322    
   18712.5000       12.5438061    
   18725.0000       12.5095940    
   18737.5000       12.4832907    
   18750.0000       12.4639816    
   18762.5000       12.4499006    
   18775.0000       12.4375000    
   18787.5000       12.4249191    
   18800.0000       12.4107780    
   18812.5000       12.3920822    
   18825.0000       12.3663139    
   18837.5000       12.3325891    
   18850.0000       12.2909355    
   18862.5000       12.2428017    
   18875.0000       12.1910038    
   18887.5000       12.1386471    
   18900.0000       12.0886917    
   18912.5000       12.0431824    
   18925.0000       12.0027905    
   18937.5000       11.9678383    
   18950.0000       11.9379587    
   18962.5000       11.9106026    
   18975.0000       11.8824091    
   18987.5000       11.8512573    
   19000.0000       11.8153582    
   19012.5000       11.7732868    
   19025.0000       11.7263851    
   19037.5000       11.6782455    
   19050.0000       11.6320963    
   19062.5000       11.5906773    
   19075.0000       11.5559292    
   19087.5000       11.5265989    
   19100.0000       11.4983521    
   19112.5000       11.4669857    
   19125.0000       11.4305334    
   19137.5000       11.3887453    
   19150.0000       11.3423157    
   19162.5000       11.2939949    
   19175.0000       11.2482042    
   19187.5000       11.2069387    
   19200.0000       11.1688099    
   19212.5000       11.1324539    
   19225.0000       11.0957890    
   19237.5000       11.0546093    
   19250.0000       11.0071516    
   19262.5000       10.9553852    
   19275.0000       10.9013863    
   19287.5000       10.8484411    
   19300.0000       10.8006115    
   19312.5000       10.7569237    
   19325.0000       10.7131844    
   19337.5000       10.6674871    
   19350.0000       10.6176825    
   19362.5000       10.5616179    
   19375.0000       10.5028048    
   19387.5000       10.4466667    
   19400.0000       10.3940125    
   19412.5000       10.3438358    
   19425.0000       10.2949467    
   19437.5000       10.2436810    
   19450.0000       10.1874542    
   19462.5000       10.1279860    
   19475.0000       10.0680733    
   19487.5000       10.0100861    
   19500.0000       9.95609665    
   19512.5000       9.90524101    
   19525.0000       9.85396385    
   19537.5000       9.79962349    
   19550.0000       9.74140549    
   19562.5000       9.68018818    
   19575.0000       9.61920071    
   19587.5000       9.56229973    
   19600.0000       9.51043510    
   19612.5000       9.46024513    
   19625.0000       9.40677738    
   19637.5000       9.34796524    
   19650.0000       9.28568268    
   19662.5000       9.22394753    
   19675.0000       9.16699886    
   19687.5000       9.11513042    
   19700.0000       9.06284904    
   19712.5000       9.00545502    
   19725.0000       8.94358444    
   19737.5000       8.87967968    
   19750.0000       8.81708622    
   19762.5000       8.75957680    
   19775.0000       8.70511055    
   19787.5000       8.64722443    
   19800.0000       8.58437920    
   19812.5000       8.51915646    
   19825.0000       8.45317459    
   19837.5000       8.38928413    
   19850.0000       8.32966614    
   19862.5000       8.27034092    
   19875.0000       8.20618916    
   19887.5000       8.13742256    
   19900.0000       8.06693363    
   19912.5000       7.99773026    
   19925.0000       7.93185139    
   19937.5000       7.86718988    
   19950.0000       7.79963207    
   19962.5000       7.72817421    
   19975.0000       7.65407276    
   19987.5000       7.57973194    
   20000.0000       7.50882339    
   20012.5000       7.44103622    
   20025.0000       7.37058353    
   20037.5000       7.29462719    
   20050.0000       7.21642017    
   20062.5000       7.13923264    
   20075.0000       7.06411314    
   20087.5000       6.99107265    
   20100.0000       6.91747570    
   20112.5000       6.83949661    
   20125.0000       6.75770760    
   20137.5000       6.67716169    
   20150.0000       6.60078716    
   20162.5000       6.52581835    
   20175.0000       6.44785404    
   20187.5000       6.36599445    
   20200.0000       6.28250170    
   20212.5000       6.19996548    
   20225.0000       6.12004566    
   20237.5000       6.04174566    
   20250.0000       5.96091032    
   20262.5000       5.87533283    
   20275.0000       5.78864288    
   20287.5000       5.70506954    
   20300.0000       5.62361813    
   20312.5000       5.54079056    
   20325.0000       5.45502758    
   20337.5000       5.36682510    
   20350.0000       5.27837992    
   20362.5000       5.19217396    
   20375.0000       5.10727692    
   20387.5000       5.02033281    
   20400.0000       4.93041229    
   20412.5000       4.83898783    
   20425.0000       4.74761295    
   20437.5000       4.65773535    
   20450.0000       4.56866837    
   20462.5000       4.47733498    
   20475.0000       4.38333035    
   20487.5000       4.28921890    
   20500.0000       4.19569826    
   20512.5000       4.10224104    
   20525.0000       4.00863075    
   20537.5000       3.91297340    
   20550.0000       3.81458068    
   20562.5000       3.71681643    
   20575.0000       3.62119770    
   20587.5000       3.52464151    
   20600.0000       3.42522931    
   20612.5000       3.32396555    
   20625.0000       3.22221160    
   20637.5000       3.12145567    
   20650.0000       3.02157164    
   20662.5000       2.91960144    
   20675.0000       2.81456327    
   20687.5000       2.70939875    
   20700.0000       2.60557723    
   20712.5000       2.50132632    
   20725.0000       2.39541054    
   20737.5000       2.28818655    
   20750.0000       2.18033886    
   20762.5000       2.07255840    
   20775.0000       1.96491051    
   20787.5000       1.85657525    
   20800.0000       1.74677539    
   20812.5000       1.63575733    
   20825.0000       1.52512455    
   20837.5000       1.41556740    
   20850.0000       1.30473018    
   20862.5000       1.19126534    
   20875.0000       1.07795727    
   20887.5000      0.966274500    
   20900.0000      0.853931606    
   20912.5000      0.740144491    
   20925.0000      0.625914931    
   20937.5000      0.510907292    
   20950.0000      0.395504892    
   20962.5000      0.280820549    
   20975.0000      0.165517002    
   20987.5000       4.82035428E-02
   21000.0000      -6.98140636E-02
   21012.5000     -0.187333837    
   21025.0000     -0.304934144    
   21037.5000     -0.423737854    
   21050.0000     -0.544235706    
   21062.5000     -0.665349841    
   21075.0000     -0.786045432    
   21087.5000     -0.907345295    
   21100.0000      -1.03013754    
   21112.5000      -1.15398645    
   21125.0000      -1.27889419    
   21137.5000      -1.40439701    
   21150.0000      -1.52972507    
   21162.5000      -1.65656090    
   21175.0000      -1.78617740    
   21187.5000      -1.91638935    
   21200.0000      -2.04644608    
   21212.5000      -2.17847180    
   21225.0000      -2.31233740    
   21237.5000      -2.44676971    
   21250.0000      -2.58255720    
   21262.5000      -2.71937418    
   21275.0000      -2.85605359    
   21287.5000      -2.99436259    
   21300.0000      -3.13524175    
   21312.5000      -3.27617884    
   21325.0000      -3.41692853    
   21337.5000      -3.55985355    
   21350.0000      -3.70447850    
   21362.5000      -3.84926128    
   21375.0000      -3.99488544    
   21387.5000      -4.14172554    
   21400.0000      -4.28932285    
   21412.5000      -4.43811655    
   21425.0000      -4.58787203    
   21437.5000      -4.73740196    
   21450.0000      -4.88694000    
   21462.5000      -5.03771591    
   21475.0000      -5.18977642    
   21487.5000      -5.34189510    
   21500.0000      -5.49358082    
   21512.5000      -5.64617920    
   21525.0000      -5.80041409    
   21537.5000      -5.95486736    
   21550.0000      -6.10901213    
   21562.5000      -6.26380253    
   21575.0000      -6.41886902    
   21587.5000      -6.57386971    
   21600.0000      -6.72993755    
   21612.5000      -6.88688087    
   21625.0000      -7.04374218    
   21637.5000      -7.20159245    
   21650.0000      -7.36125374    
   21662.5000      -7.52153492    
   21675.0000      -7.68188477    
   21687.5000      -7.84311390    
   21700.0000      -8.00551796    
   21712.5000      -8.16864777    
   21725.0000      -8.33245754    
   21737.5000      -8.49771690    
   21750.0000      -8.66455841    
   21762.5000      -8.83187866    
   21775.0000      -8.99984550    
   21787.5000      -9.16997719    
   21800.0000      -9.34167290    
   21812.5000      -9.51344299    
   21825.0000      -9.68636703    
   21837.5000      -9.86139870    
   21850.0000      -10.0369625    
   21862.5000      -10.2126045    
   21875.0000      -10.3895950    
   21887.5000      -10.5670166    
   21900.0000      -10.7430401    
   21912.5000      -10.9188004    
   21925.0000      -11.0956478    
   21937.5000      -11.2715626    
   21950.0000      -11.4448118    
   21962.5000      -11.6165562    
   21975.0000      -11.7865992    
   21987.5000      -11.9524117    
   22000.0000      -12.1135044    
   22012.5000      -12.2703667    
