  -987.500000       3.14271564E-16
  -975.000000       1.24720816E-15
  -962.500000       3.51930585E-15
  -950.000000       8.69686081E-15
  -937.500000       2.00891516E-14
  -925.000000       4.45739128E-14
  -912.500000       9.62512879E-14
  -900.000000       2.03655899E-13
  -887.500000       4.23813870E-13
  -875.000000       8.69300183E-13
  -862.500000       1.75966706E-12
  -850.000000       3.51797888E-12
  -837.500000       6.94975848E-12
  -825.000000       1.35707244E-11
  -812.500000       2.62001133E-11
  -800.000000       5.00210914E-11
  -787.500000       9.44498230E-11
  -775.000000       1.76387363E-10
  -762.500000       3.25811794E-10
  -750.000000       5.95279437E-10
  -737.500000       1.07586107E-09
  -725.000000       1.92353644E-09
  -712.500000       3.40237261E-09
  -700.000000       5.95429039E-09
  -687.500000       1.03104014E-08
  -675.000000       1.76665402E-08
  -662.500000       2.99566700E-08
  -650.000000       5.02735169E-08
  -637.500000       8.35077500E-08
  -625.000000       1.37307595E-07
  -612.500000       2.23502354E-07
  -600.000000       3.60188039E-07
  -587.500000       5.74745059E-07
  -575.000000       9.08151435E-07
  -562.500000       1.42108377E-06
  -550.000000       2.20246739E-06
  -537.500000       3.38133054E-06
  -525.000000       5.14304702E-06
  -512.500000       7.75130775E-06
  -500.000000       1.15775420E-05
  -487.500000       1.71399661E-05
  -475.000000       2.51549245E-05
  -462.500000       3.66037311E-05
  -450.000000       5.28189048E-05
  -437.500000       7.55944784E-05
  -425.000000       1.07326152E-04
  -412.500000       1.51187749E-04
  -400.000000       2.11352337E-04
  -387.500000       2.93267251E-04
  -375.000000       4.03993996E-04
  -362.500000       5.52627374E-04
  -350.000000       7.50808453E-04
  -337.500000       1.01335102E-03
  -325.000000       1.35900278E-03
  -312.500000       1.81136909E-03
  -300.000000       2.40002782E-03
  -287.500000       3.16187157E-03
  -275.000000       4.14271886E-03
  -262.500000       5.39924810E-03
  -250.000000       7.00129569E-03
  -237.500000       9.03459266E-03
  -225.000000       1.16040101E-02
  -212.500000       1.48373842E-02
  -200.000000       1.88900083E-02
  -187.500000       2.39498820E-02
  -175.000000       3.02438308E-02
  -162.500000       3.80445980E-02
  -150.000000       4.76789959E-02
  -137.500000       5.95372617E-02
  -125.000000       7.40837082E-02
  -112.500000       9.18688253E-02
  -100.000000      0.113542855    
  -87.5000000      0.139871016    
  -75.0000000      0.171750396    
  -62.5000000      0.210228592    
  -50.0000000      0.256524384    
  -37.5000000      0.312049538    
  -25.0000000      0.378433257    
  -12.5000000      0.457547814    
   0.00000000      0.551535368    
   12.5000000      0.662836790    
   25.0000000      0.794220924    
   37.5000000      0.948814750    
   50.0000000       1.13013351    
   62.5000000       1.34211028    
   75.0000000       1.58912563    
   87.5000000       1.87603235    
   100.000000       2.20818067    
   112.500000       2.59143901    
   125.000000       3.03220654    
   137.500000       3.53742027    
   150.000000       4.11456299    
   162.500000       4.77165079    
   175.000000       5.51721144    
   187.500000       6.36026192    
   200.000000       7.31025887    
   212.500000       8.37704277    
   225.000000       9.57076645    
   237.500000       10.9018002    
   250.000000       12.3806238    
   262.500000       14.0176983    
   275.000000       15.8233290    
   287.500000       17.8075027    
   300.000000       19.9796906    
   312.500000       22.3486633    
   325.000000       24.9222851    
   337.500000       27.7072563    
   350.000000       30.7088890    
   362.500000       33.9308929    
   375.000000       37.3751221    
   387.500000       41.0412827    
   400.000000       44.9267235    
   412.500000       49.0261879    
   425.000000       53.3316536    
   437.500000       57.8321342    
   450.000000       62.5134659    
   462.500000       67.3582153    
   475.000000       72.3455811    
   487.500000       77.4514313    
   500.000000       82.6482849    
   512.500000       87.9052277    
   525.000000       93.1883163    
   537.500000       98.4605789    
   550.000000       103.682404    
   562.500000       108.811722    
   575.000000       113.804474    
   587.500000       118.614960    
   600.000000       123.196487    
   612.500000       127.501892    
   625.000000       131.483978    
   637.500000       135.096329    
   650.000000       138.293793    
   662.500000       141.033234    
   675.000000       143.274063    
   687.500000       144.979156    
   700.000000       146.115280    
   712.500000       146.653625    
   725.000000       146.570358    
   737.500000       145.847168    
   750.000000       144.471802    
   762.500000       142.438309    
   775.000000       139.746918    
   787.500000       136.404510    
   800.000000       132.424835    
   812.500000       127.828003    
   825.000000       122.640373    
   837.500000       116.894775    
   850.000000       110.629791    
   862.500000       103.888908    
   875.000000       96.7203751    
   887.500000       89.1768799    
   900.000000       81.3144684    
   912.500000       73.1915894    
   925.000000       64.8688049    
   937.500000       56.4080238    
   950.000000       47.8711586    
   962.500000       39.3196869    
   975.000000       30.8142738    
   987.500000       22.4135075    
   1000.00000       14.1729946    
   1012.50000       6.14540291    
   1025.00000      -1.61999321    
   1037.50000      -9.07843113    
   1050.00000      -16.1900043    
   1062.50000      -22.9194527    
   1075.00000      -29.2366753    
   1087.50000      -35.1174812    
   1100.00000      -40.5437241    
   1112.50000      -45.5032463    
   1125.00000      -49.9892883    
   1137.50000      -53.9989891    
   1150.00000      -57.5328140    
   1162.50000      -60.5956955    
   1175.00000      -63.1980133    
   1187.50000      -65.3545303    
   1200.00000      -67.0822220    
   1212.50000      -68.4000931    
   1225.00000      -69.3307495    
   1237.50000      -69.8997498    
   1250.00000      -70.1325302    
   1262.50000      -70.0541000    
   1275.00000      -69.6915588    
   1287.50000      -69.0735626    
   1300.00000      -68.2276611    
   1312.50000      -67.1807480    
   1325.00000      -65.9600143    
   1337.50000      -64.5907440    
   1350.00000      -63.0956497    
   1362.50000      -61.4974709    
   1375.00000      -59.8183746    
   1387.50000      -58.0772400    
   1400.00000      -56.2918587    
   1412.50000      -54.4809265    
   1425.00000      -52.6596832    
   1437.50000      -50.8386459    
   1450.00000      -49.0287018    
   1462.50000      -47.2418365    
   1475.00000      -45.4874153    
   1487.50000      -43.7721214    
   1500.00000      -42.1007004    
   1512.50000      -40.4761925    
   1525.00000      -38.9030342    
   1537.50000      -37.3864021    
   1550.00000      -35.9269485    
   1562.50000      -34.5232506    
   1575.00000      -33.1769295    
   1587.50000      -31.8882446    
   1600.00000      -30.6537743    
   1612.50000      -29.4726696    
   1625.00000      -28.3459949    
   1637.50000      -27.2704086    
   1650.00000      -26.2407303    
   1662.50000      -25.2549019    
   1675.00000      -24.3129005    
   1687.50000      -23.4153786    
   1700.00000      -22.5641422    
   1712.50000      -21.7636814    
   1725.00000      -21.0212555    
   1737.50000      -20.3383484    
   1750.00000      -19.7033806    
   1762.50000      -19.1014156    
   1775.00000      -18.5253506    
   1787.50000      -17.9735413    
   1800.00000      -17.4472466    
   1812.50000      -16.9486790    
   1825.00000      -16.4737663    
   1837.50000      -16.0158043    
   1850.00000      -15.5754414    
   1862.50000      -15.1545458    
   1875.00000      -14.7499132    
   1887.50000      -14.3603992    
   1900.00000      -13.9859657    
   1912.50000      -13.6234379    
   1925.00000      -13.2736387    
   1937.50000      -12.9387627    
   1950.00000      -12.6138916    
   1962.50000      -12.2971897    
   1975.00000      -11.9937019    
   1987.50000      -11.7011414    
   2000.00000      -11.4143562    
   2012.50000      -11.1372499    
   2025.00000      -10.8712969    
   2037.50000      -10.6110744    
   2050.00000      -10.3574219    
   2062.50000      -10.1135244    
   2075.00000      -9.87616444    
   2087.50000      -9.64408970    
   2100.00000      -9.41948891    
   2112.50000      -9.20108604    
   2125.00000      -8.98795605    
   2137.50000      -8.78105450    
   2150.00000      -8.57929420    
   2162.50000      -8.38261795    
   2175.00000      -8.19164085    
   2187.50000      -8.00450706    
   2200.00000      -7.82184410    
   2212.50000      -7.64527750    
   2225.00000      -7.47191906    
   2237.50000      -7.30151510    
   2250.00000      -7.13720989    
   2262.50000      -6.97640705    
   2275.00000      -6.81718636    
   2287.50000      -6.66346645    
   2300.00000      -6.51407671    
   2312.50000      -6.36550903    
   2325.00000      -6.22116899    
   2337.50000      -6.08165979    
   2350.00000      -5.94280052    
   2362.50000      -5.80683708    
   2375.00000      -5.67598391    
   2387.50000      -5.54617786    
   2400.00000      -5.41807652    
   2412.50000      -5.29499054    
   2425.00000      -5.17366409    
   2437.50000      -5.05284166    
   2450.00000      -4.93610525    
   2462.50000      -4.82213783    
   2475.00000      -4.70860147    
   2487.50000      -4.59786987    
   2500.00000      -4.49010944    
   2512.50000      -4.38337612    
   2525.00000      -4.27880764    
   2537.50000      -4.17673111    
   2550.00000      -4.07576656    
   2562.50000      -3.97654510    
   2575.00000      -3.87920952    
   2587.50000      -3.78288364    
   2600.00000      -3.68856049    
   2612.50000      -3.59644318    
   2625.00000      -3.50528240    
   2637.50000      -3.41555691    
   2650.00000      -3.32739115    
   2662.50000      -3.23985243    
   2675.00000      -3.15405226    
   2687.50000      -3.07041907    
   2700.00000      -2.98718333    
   2712.50000      -2.90486765    
   2725.00000      -2.82460380    
   2737.50000      -2.74492764    
   2750.00000      -2.66603684    
   2762.50000      -2.58935571    
   2775.00000      -2.51316404    
   2787.50000      -2.43692803    
   2800.00000      -2.36302471    
   2812.50000      -2.29050946    
   2825.00000      -2.21750093    
   2837.50000      -2.14615750    
   2850.00000      -2.07678676    
   2862.50000      -2.00677729    
   2875.00000      -1.93762195    
   2887.50000      -1.87120247    
   2900.00000      -1.80470204    
   2912.50000      -1.73781323    
   2925.00000      -1.67350340    
   2937.50000      -1.61019886    
   2950.00000      -1.54592800    
   2962.50000      -1.48345029    
   2975.00000      -1.42287230    
   2987.50000      -1.36150062    
   3000.00000      -1.30105078    
   3012.50000      -1.24270368    
   3025.00000      -1.18373930    
   3037.50000      -1.12517095    
   3050.00000      -1.06916583    
   3062.50000      -1.01277053    
   3075.00000     -0.955657959    
   3087.50000     -0.901299596    
   3100.00000     -0.847645044    
   3112.50000     -0.792407990    
   3125.00000     -0.739188671    
   3137.50000     -0.687756896    
   3150.00000     -0.634541392    
   3162.50000     -0.582220674    
   3175.00000     -0.532531500    
   3187.50000     -0.481538653    
   3200.00000     -0.430123150    
   3212.50000     -0.381513536    
   3225.00000     -0.332616806    
   3237.50000     -0.282380223    
   3250.00000     -0.234566033    
   3262.50000     -0.187648818    
   3275.00000     -0.138892129    
   3287.50000      -9.15100798E-02
   3300.00000      -4.61225957E-02
   3312.50000       7.11010071E-04
   3325.00000       4.76438589E-02
   3337.50000       9.24481601E-02
   3350.00000      0.137526318    
   3362.50000      0.183356449    
   3375.00000      0.227704197    
   3387.50000      0.271494746    
   3400.00000      0.315961719    
   3412.50000      0.359609962    
   3425.00000      0.402300090    
   3437.50000      0.445286244    
   3450.00000      0.488077372    
   3462.50000      0.530095696    
   3475.00000      0.571979046    
   3487.50000      0.613768220    
   3500.00000      0.654971957    
   3512.50000      0.695738256    
   3525.00000      0.736403704    
   3537.50000      0.776799560    
   3550.00000      0.816602230    
   3562.50000      0.856171250    
   3575.00000      0.895929337    
   3587.50000      0.935109377    
   3600.00000      0.973394752    
   3612.50000       1.01206112    
   3625.00000       1.05105019    
   3637.50000       1.08899033    
   3650.00000       1.12663090    
   3662.50000       1.16490459    
   3675.00000       1.20248628    
   3687.50000       1.23934567    
   3700.00000       1.27689886    
   3712.50000       1.31429243    
   3725.00000       1.35073900    
   3737.50000       1.38763189    
   3750.00000       1.42485070    
   3762.50000       1.46116328    
   3775.00000       1.49743247    
   3787.50000       1.53420925    
   3800.00000       1.57048130    
   3812.50000       1.60651040    
   3825.00000       1.64290118    
   3837.50000       1.67893028    
   3850.00000       1.71464407    
   3862.50000       1.75069213    
   3875.00000       1.78650880    
   3887.50000       1.82185388    
   3900.00000       1.85741353    
   3912.50000       1.89293766    
   3925.00000       1.92790461    
   3937.50000       1.96287084    
   3950.00000       1.99807525    
   3962.50000       2.03284264    
   3975.00000       2.06722593    
   3987.50000       2.10189843    
   4000.00000       2.13640404    
   4012.50000       2.17007208    
   4025.00000       2.20382357    
   4037.50000       2.23810720    
   4050.00000       2.27157688    
   4062.50000       2.30442834    
   4075.00000       2.33816576    
   4087.50000       2.37166977    
   4100.00000       2.40387225    
   4112.50000       2.43665981    
   4125.00000       2.47003651    
   4137.50000       2.50206661    
   4150.00000       2.53410721    
   4162.50000       2.56729555    
   4175.00000       2.59944582    
   4187.50000       2.63092852    
   4200.00000       2.66381979    
   4212.50000       2.69635534    
   4225.00000       2.72759008    
   4237.50000       2.75990891    
   4250.00000       2.79278064    
   4262.50000       2.82437587    
   4275.00000       2.85641885    
   4287.50000       2.88954473    
   4300.00000       2.92177320    
   4312.50000       2.95368314    
   4325.00000       2.98670411    
   4337.50000       3.01965714    
   4350.00000       3.05200934    
   4362.50000       3.08489490    
   4375.00000       3.11816382    
   4387.50000       3.15097713    
   4400.00000       3.18374348    
   4412.50000       3.21714044    
   4425.00000       3.25068998    
   4437.50000       3.28368568    
   4450.00000       3.31678152    
   4462.50000       3.35047483    
   4475.00000       3.38366270    
   4487.50000       3.41648006    
   4500.00000       3.45023155    
   4512.50000       3.48369455    
   4525.00000       3.51602983    
   4537.50000       3.54931617    
   4550.00000       3.58306694    
   4562.50000       3.61523676    
   4575.00000       3.64782667    
   4587.50000       3.68165922    
   4600.00000       3.71398640    
   4612.50000       3.74584198    
   4625.00000       3.77924490    
   4637.50000       3.81172085    
   4650.00000       3.84315157    
   4662.50000       3.87605095    
   4675.00000       3.90858960    
   4687.50000       3.93975472    
   4700.00000       3.97223973    
   4712.50000       4.00503016    
   4725.00000       4.03631020    
   4737.50000       4.06849241    
   4750.00000       4.10151148    
   4762.50000       4.13309669    
   4775.00000       4.16502619    
   4787.50000       4.19818211    
   4800.00000       4.23034000    
   4812.50000       4.26235342    
   4825.00000       4.29567623    
   4837.50000       4.32856941    
   4850.00000       4.36095142    
   4862.50000       4.39435911    
   4875.00000       4.42793179    
   4887.50000       4.46098566    
   4900.00000       4.49452686    
   4912.50000       4.52854586    
   4925.00000       4.56240082    
   4937.50000       4.59622192    
   4950.00000       4.63038254    
   4962.50000       4.66490746    
   4975.00000       4.69920158    
   4987.50000       4.73333406    
   5000.00000       4.76832294    
   5012.50000       4.80337715    
   5025.00000       4.83740997    
   5037.50000       4.87219810    
   5050.00000       4.90803814    
   5062.50000       4.94253492    
   5075.00000       4.97682667    
   5087.50000       5.01292324    
   5100.00000       5.04835415    
   5112.50000       5.08255720    
   5125.00000       5.11842012    
   5137.50000       5.15457821    
   5150.00000       5.18894768    
   5162.50000       5.22435665    
   5175.00000       5.26117992    
   5187.50000       5.29635715    
   5200.00000       5.33139324    
   5212.50000       5.36835241    
   5225.00000       5.40457916    
   5237.50000       5.43980026    
   5250.00000       5.47675037    
   5262.50000       5.51407337    
   5275.00000       5.55001831    
   5287.50000       5.58691168    
   5300.00000       5.62507057    
   5312.50000       5.66212559    
   5325.00000       5.69908237    
   5337.50000       5.73770905    
   5350.00000       5.77625132    
   5362.50000       5.81389475    
   5375.00000       5.85253572    
   5387.50000       5.89200878    
   5400.00000       5.93075085    
   5412.50000       5.96969700    
   5425.00000       6.00972414    
   5437.50000       6.04942465    
   5450.00000       6.08871078    
   5462.50000       6.12894678    
   5475.00000       6.16948891    
   5487.50000       6.20946884    
   5500.00000       6.24985695    
   5512.50000       6.29077578    
   5525.00000       6.33136988    
   5537.50000       6.37199211    
   5550.00000       6.41297531    
   5562.50000       6.45395184    
   5575.00000       6.49500465    
   5587.50000       6.53611612    
   5600.00000       6.57721615    
   5612.50000       6.61862469    
   5625.00000       6.66000414    
   5637.50000       6.70124674    
   5650.00000       6.74303913    
   5662.50000       6.78488636    
   5675.00000       6.82635069    
   5687.50000       6.86843109    
   5700.00000       6.91076469    
   5712.50000       6.95259476    
   5725.00000       6.99516392    
   5737.50000       7.03836060    
   5750.00000       7.08089113    
   5762.50000       7.12391567    
   5775.00000       7.16789818    
   5787.50000       7.21140671    
   5800.00000       7.25526857    
   5812.50000       7.30024385    
   5825.00000       7.34485769    
   5837.50000       7.38958883    
   5850.00000       7.43550491    
   5862.50000       7.48134041    
   5875.00000       7.52719879    
   5887.50000       7.57413578    
   5900.00000       7.62110043    
   5912.50000       7.66805553    
   5925.00000       7.71607304    
   5937.50000       7.76428127    
   5950.00000       7.81249666    
   5962.50000       7.86159515    
   5975.00000       7.91077042    
   5987.50000       7.96008158    
   6000.00000       8.01046467    
   6012.50000       8.06066036    
   6025.00000       8.11064339    
   6037.50000       8.16205215    
   6050.00000       8.21348953    
   6062.50000       8.26415062    
   6075.00000       8.31625652    
   6087.50000       8.36890030    
   6100.00000       8.42034817    
   6112.50000       8.47298431    
   6125.00000       8.52683449    
   6137.50000       8.57921219    
   6150.00000       8.63205528    
   6162.50000       8.68681335    
   6175.00000       8.74049950    
   6187.50000       8.79379940    
   6200.00000       8.84918690    
   6212.50000       8.90419388    
   6225.00000       8.95821190    
   6237.50000       9.01421165    
   6250.00000       9.07072067    
   6262.50000       9.12585831    
   6275.00000       9.18233681    
   6287.50000       9.24015617    
   6300.00000       9.29687881    
   6312.50000       9.35418224    
   6325.00000       9.41318893    
   6337.50000       9.47169304    
   6350.00000       9.53008842    
   6362.50000       9.59005356    
   6375.00000       9.65040779    
   6387.50000       9.71050835    
   6400.00000       9.77150249    
   6412.50000       9.83336735    
   6425.00000       9.89548874    
   6437.50000       9.95799446    
   6450.00000       10.0211535    
   6462.50000       10.0850878    
   6475.00000       10.1494408    
   6487.50000       10.2140617    
   6500.00000       10.2796955    
   6512.50000       10.3460608    
   6525.00000       10.4122295    
   6537.50000       10.4791975    
   6550.00000       10.5475044    
   6562.50000       10.6155910    
   6575.00000       10.6838608    
   6587.50000       10.7538233    
   6600.00000       10.8239927    
   6612.50000       10.8936634    
   6625.00000       10.9650059    
   6637.50000       11.0374041    
   6650.00000       11.1088381    
   6662.50000       11.1812344    
   6675.00000       11.2555695    
   6687.50000       11.3293047    
   6700.00000       11.4030952    
   6712.50000       11.4790821    
   6725.00000       11.5552015    
   6737.50000       11.6307449    
   6750.00000       11.7082968    
   6762.50000       11.7867937    
   6775.00000       11.8644390    
   6787.50000       11.9435463    
   6800.00000       12.0242300    
   6812.50000       12.1042356    
   6825.00000       12.1852398    
   6837.50000       12.2682981    
   6850.00000       12.3510075    
   6862.50000       12.4340992    
   6875.00000       12.5193443    
   6887.50000       12.6047993    
   6900.00000       12.6903267    
   6912.50000       12.7778702    
   6925.00000       12.8660526    
   6937.50000       12.9542379    
   6950.00000       13.0443764    
   6962.50000       13.1355104    
   6975.00000       13.2264538    
   6987.50000       13.3191128    
   7000.00000       13.4131489    
   7012.50000       13.5070143    
   7025.00000       13.6023655    
   7037.50000       13.6994400    
   7050.00000       13.7964230    
   7062.50000       13.8945818    
   7075.00000       13.9946823    
   7087.50000       14.0948257    
   7100.00000       14.1959038    
   7112.50000       14.2992344    
   7125.00000       14.4028950    
   7137.50000       14.5070515    
   7150.00000       14.6134892    
   7162.50000       14.7206593    
   7175.00000       14.8281250    
   7187.50000       14.9378147    
   7200.00000       15.0486908    
   7212.50000       15.1598377    
   7225.00000       15.2730446    
   7237.50000       15.3876791    
   7250.00000       15.5026312    
   7262.50000       15.6196232    
   7275.00000       15.7382555    
   7287.50000       15.8570938    
   7300.00000       15.9779263    
   7312.50000       16.1008987    
   7325.00000       16.2242413    
   7337.50000       16.3494186    
   7350.00000       16.4769726    
   7362.50000       16.6049690    
   7375.00000       16.7347412    
   7387.50000       16.8673592    
   7400.00000       17.0005150    
   7412.50000       17.1350365    
   7425.00000       17.2728748    
   7437.50000       17.4117603    
   7450.00000       17.5515480    
   7462.50000       17.6948662    
   7475.00000       17.8400631    
   7487.50000       17.9857101    
   7500.00000       18.1344681    
   7512.50000       18.2861481    
   7525.00000       18.4386253    
   7537.50000       18.5934296    
   7550.00000       18.7514992    
   7562.50000       18.9112206    
   7575.00000       19.0729752    
   7587.50000       19.2377281    
   7600.00000       19.4047127    
   7612.50000       19.5739880    
   7625.00000       19.7462177    
   7637.50000       19.9209633    
   7650.00000       20.0981808    
   7662.50000       20.2783318    
   7675.00000       20.4612541    
   7687.50000       20.6469097    
   7700.00000       20.8355865    
   7712.50000       21.0273247    
   7725.00000       21.2221260    
   7737.50000       21.4200401    
   7750.00000       21.6213207    
   7762.50000       21.8261547    
   7775.00000       22.0341682    
   7787.50000       22.2454777    
   7800.00000       22.4608212    
   7812.50000       22.6799011    
   7825.00000       22.9023247    
   7837.50000       23.1290054    
   7850.00000       23.3600826    
   7862.50000       23.5948944    
   7875.00000       23.8340187    
   7887.50000       24.0779037    
   7900.00000       24.3261337    
   7912.50000       24.5791874    
   7925.00000       24.8374443    
   7937.50000       25.1003284    
   7950.00000       25.3684902    
   7962.50000       25.6426888    
   7975.00000       25.9219131    
   7987.50000       26.2064552    
   8000.00000       26.4979973    
   8012.50000       26.7957592    
   8025.00000       27.0988998    
   8037.50000       27.4093246    
   8050.00000       27.7273331    
   8062.50000       28.0514908    
   8075.00000       28.3832512    
   8087.50000       28.7239494    
   8100.00000       29.0719223    
   8112.50000       29.4276237    
   8125.00000       29.7932930    
   8137.50000       30.1681290    
   8150.00000       30.5515957    
   8162.50000       30.9457378    
   8175.00000       31.3506775    
   8187.50000       31.7658119    
   8200.00000       32.1928139    
   8212.50000       32.6323395    
   8225.00000       33.0839844    
   8237.50000       33.5491333    
   8250.00000       34.0287590    
   8262.50000       34.5227890    
   8275.00000       35.0324097    
   8287.50000       35.5588074    
   8300.00000       36.1025238    
   8312.50000       36.6646957    
   8325.00000       37.2462883    
   8337.50000       37.8485794    
   8350.00000       38.4734039    
   8362.50000       39.1212387    
   8375.00000       39.7932434    
   8387.50000       40.4923477    
   8400.00000       41.2193604    
   8412.50000       41.9748459    
   8425.00000       42.7625160    
   8437.50000       43.5843277    
   8450.00000       44.4403992    
   8462.50000       45.3341904    
   8475.00000       46.2688446    
   8487.50000       47.2446823    
   8500.00000       48.2645149    
   8512.50000       49.3323135    
   8525.00000       50.4490204    
   8537.50000       51.6167030    
   8550.00000       52.8393784    
   8562.50000       54.1186752    
   8575.00000       55.4558144    
   8587.50000       56.8539658    
   8600.00000       58.3151283    
   8612.50000       59.8398209    
   8625.00000       61.4294434    
   8637.50000       63.0853653    
   8650.00000       64.8074646    
   8662.50000       66.5948334    
   8675.00000       68.4464569    
   8687.50000       70.3608704    
   8700.00000       72.3348389    
   8712.50000       74.3637924    
   8725.00000       76.4431381    
   8737.50000       78.5668793    
   8750.00000       80.7264099    
   8762.50000       82.9125519    
   8775.00000       85.1153336    
   8787.50000       87.3217468    
   8800.00000       89.5172272    
   8812.50000       91.6868515    
   8825.00000       93.8130951    
   8837.50000       95.8759842    
   8850.00000       97.8550415    
   8862.50000       99.7280045    
   8875.00000       101.470314    
   8887.50000       103.056831    
   8900.00000       104.461075    
   8912.50000       105.654938    
   8925.00000       106.610512    
   8937.50000       107.299477    
   8950.00000       107.692184    
   8962.50000       107.760361    
   8975.00000       107.477036    
   8987.50000       106.814850    
   9000.00000       105.748352    
   9012.50000       104.255142    
   9025.00000       102.314087    
   9037.50000       99.9072418    
   9050.00000       97.0207977    
   9062.50000       93.6438675    
   9075.00000       89.7698593    
   9087.50000       85.3975220    
   9100.00000       80.5295715    
   9112.50000       75.1738586    
   9125.00000       69.3442841    
   9137.50000       63.0595779    
   9150.00000       56.3440628    
   9162.50000       49.2277679    
   9175.00000       41.7453232    
   9187.50000       33.9370995    
   9200.00000       25.8483868    
   9212.50000       17.5273800    
   9225.00000       9.02706051    
   9237.50000      0.404509783    
   9250.00000      -8.28209305    
   9262.50000      -16.9719620    
   9275.00000      -25.6021843    
   9287.50000      -34.1110954    
   9300.00000      -42.4366837    
   9312.50000      -50.5168762    
   9325.00000      -58.2934036    
   9337.50000      -65.7103653    
   9350.00000      -72.7136002    
   9362.50000      -79.2547150    
   9375.00000      -85.2902069    
   9387.50000      -90.7803726    
   9400.00000      -95.6923294    
   9412.50000      -99.9995956    
   9425.00000      -103.681076    
   9437.50000      -106.723007    
   9450.00000      -109.117912    
   9462.50000      -110.864212    
   9475.00000      -111.968277    
   9487.50000      -112.442032    
   9500.00000      -112.301788    
   9512.50000      -111.571442    
   9525.00000      -110.280197    
   9537.50000      -108.459106    
   9550.00000      -106.144524    
   9562.50000      -103.377708    
   9575.00000      -100.200386    
   9587.50000      -96.6563568    
   9600.00000      -92.7924500    
   9612.50000      -88.6548538    
   9625.00000      -84.2890472    
   9637.50000      -79.7414703    
   9650.00000      -75.0568085    
   9662.50000      -70.2769547    
   9675.00000      -65.4428406    
   9687.50000      -60.5931854    
   9700.00000      -55.7624016    
   9712.50000      -50.9823227    
   9725.00000      -46.2832336    
   9737.50000      -41.6913223    
   9750.00000      -37.2288780    
   9762.50000      -32.9166641    
   9775.00000      -28.7722549    
   9787.50000      -24.8085365    
   9800.00000      -21.0358200    
   9812.50000      -17.4618969    
   9825.00000      -14.0907459    
   9837.50000      -10.9240246    
   9850.00000      -7.96186352    
   9862.50000      -5.20238686    
   9875.00000      -2.64234018    
   9887.50000     -0.276841760    
   9900.00000       1.90066814    
   9912.50000       3.89745569    
   9925.00000       5.72231579    
   9937.50000       7.38502884    
   9950.00000       8.89439392    
   9962.50000       10.2599621    
   9975.00000       11.4921350    
   9987.50000       12.5993767    
   10000.0000       13.5906181    
   10012.5000       14.4762869    
   10025.0000       15.2643938    
   10037.5000       15.9630394    
   10050.0000       16.5824585    
   10062.5000       17.1288910    
   10075.0000       17.6064873    
   10087.5000       18.0232468    
   10100.0000       18.3848305    
   10112.5000       18.6928120    
   10125.0000       18.9527740    
   10137.5000       19.1702194    
   10150.0000       19.3443527    
   10162.5000       19.4758701    
   10175.0000       19.5681248    
   10187.5000       19.6194668    
   10200.0000       19.6278038    
   10212.5000       19.5954533    
   10225.0000       19.5220070    
   10237.5000       19.4043941    
   10250.0000       19.2438126    
   10262.5000       19.0419731    
   10275.0000       18.7970924    
   10287.5000       18.5086098    
   10300.0000       18.1758728    
   10312.5000       17.7929783    
   10325.0000       17.3524208    
   10337.5000       16.8471851    
   10350.0000       16.2658920    
   10362.5000       15.5940781    
   10375.0000       14.8185720    
   10387.5000       13.9261780    
   10400.0000       12.9052601    
   10412.5000       11.7491713    
   10425.0000       10.4520540    
   10437.5000       9.00596809    
   10450.0000       7.40287209    
   10462.5000       5.63170290    
   10475.0000       3.67701101    
   10487.5000       1.52436256    
   10500.0000     -0.838709116    
   10512.5000      -3.42352557    
   10525.0000      -6.23618650    
   10537.5000      -9.27840614    
   10550.0000      -12.5521650    
   10562.5000      -16.0595932    
   10575.0000      -19.8039093    
   10587.5000      -23.7900105    
   10600.0000      -28.0188179    
   10612.5000      -32.4847069    
   10625.0000      -37.1771240    
   10637.5000      -42.0797348    
   10650.0000      -47.1735344    
   10662.5000      -52.4416122    
   10675.0000      -57.8659477    
   10687.5000      -63.4245796    
   10700.0000      -69.0916138    
   10712.5000      -74.8330078    
   10725.0000      -80.6076965    
   10737.5000      -86.3755951    
   10750.0000      -92.0977707    
   10762.5000      -97.7332077    
   10775.0000      -103.240074    
   10787.5000      -108.572617    
   10800.0000      -113.678726    
   10812.5000      -118.506287    
   10825.0000      -123.007828    
   10837.5000      -127.138084    
   10850.0000      -130.852951    
   10862.5000      -134.109283    
   10875.0000      -136.864151    
   10887.5000      -139.076660    
   10900.0000      -140.712311    
   10912.5000      -141.743790    
   10925.0000      -142.147751    
   10937.5000      -141.904572    
   10950.0000      -141.001587    
   10962.5000      -139.432281    
   10975.0000      -137.194092    
   10987.5000      -134.293259    
   11000.0000      -130.745773    
   11012.5000      -126.571732    
   11025.0000      -121.795982    
   11037.5000      -116.450745    
   11050.0000      -110.572800    
   11062.5000      -104.204819    
   11075.0000      -97.3976822    
   11087.5000      -90.2047653    
   11100.0000      -82.6783905    
   11112.5000      -74.8742828    
   11125.0000      -66.8541107    
   11137.5000      -58.6818848    
   11150.0000      -50.4191589    
   11162.5000      -42.1248550    
   11175.0000      -33.8585625    
   11187.5000      -25.6784668    
   11200.0000      -17.6391697    
   11212.5000      -9.79450130    
   11225.0000      -2.19402552    
   11237.5000       5.12127924    
   11250.0000       12.1123905    
   11262.5000       18.7412453    
   11275.0000       24.9785519    
   11287.5000       30.8016510    
   11300.0000       36.1914253    
   11312.5000       41.1363792    
   11325.0000       45.6291275    
   11337.5000       49.6634521    
   11350.0000       53.2411461    
   11362.5000       56.3707962    
   11375.0000       59.0617523    
   11387.5000       61.3269272    
   11400.0000       63.1827736    
   11412.5000       64.6472244    
   11425.0000       65.7435303    
   11437.5000       66.4969788    
   11450.0000       66.9287949    
   11462.5000       67.0621490    
   11475.0000       66.9251099    
   11487.5000       66.5449371    
   11500.0000       65.9482727    
   11512.5000       65.1620255    
   11525.0000       64.2100830    
   11537.5000       63.1162491    
   11550.0000       61.9058380    
   11562.5000       60.5994110    
   11575.0000       59.2135849    
   11587.5000       57.7676811    
   11600.0000       56.2816963    
   11612.5000       54.7712097    
   11625.0000       53.2485962    
   11637.5000       51.7255936    
   11650.0000       50.2131805    
   11662.5000       48.7208595    
   11675.0000       47.2566223    
   11687.5000       45.8269997    
   11700.0000       44.4368134    
   11712.5000       43.0894661    
   11725.0000       41.7882690    
   11737.5000       40.5368347    
   11750.0000       39.3370590    
   11762.5000       38.1879578    
   11775.0000       37.0882492    
   11787.5000       36.0384789    
   11800.0000       35.0386543    
   11812.5000       34.0863914    
   11825.0000       33.1796570    
   11837.5000       32.3185768    
   11850.0000       31.5033417    
   11862.5000       30.7316132    
   11875.0000       29.9988728    
   11887.5000       29.3032894    
   11900.0000       28.6477814    
   11912.5000       28.0332870    
   11925.0000       27.4562912    
   11937.5000       26.9166698    
   11950.0000       26.4181156    
   11962.5000       25.9594288    
   11975.0000       25.5350361    
   11987.5000       25.1415825    
   12000.0000       24.7777023    
   12012.5000       24.4400330    
   12025.0000       24.1210594    
   12037.5000       23.8119144    
   12050.0000       23.5094872    
   12062.5000       23.2157421    
   12075.0000       22.9297428    
   12087.5000       22.6498413    
   12100.0000       22.3810768    
   12112.5000       22.1301174    
   12125.0000       21.8968773    
   12137.5000       21.6776257    
   12150.0000       21.4703140    
   12162.5000       21.2724972    
   12175.0000       21.0794773    
   12187.5000       20.8883018    
   12200.0000       20.7005062    
   12212.5000       20.5191517    
   12225.0000       20.3461838    
   12237.5000       20.1827469    
   12250.0000       20.0289822    
   12262.5000       19.8838158    
   12275.0000       19.7451267    
   12287.5000       19.6091366    
   12300.0000       19.4730129    
   12312.5000       19.3388138    
   12325.0000       19.2106209    
   12337.5000       19.0900230    
   12350.0000       18.9769554    
   12362.5000       18.8701038    
   12375.0000       18.7663116    
   12387.5000       18.6633072    
   12400.0000       18.5611095    
   12412.5000       18.4610195    
   12425.0000       18.3657646    
   12437.5000       18.2775631    
   12450.0000       18.1950493    
   12462.5000       18.1146011    
   12475.0000       18.0338669    
   12487.5000       17.9536896    
   12500.0000       17.8769112    
   12512.5000       17.8043327    
   12525.0000       17.7347794    
   12537.5000       17.6687851    
   12550.0000       17.6063156    
   12562.5000       17.5442696    
   12575.0000       17.4815826    
   12587.5000       17.4209919    
   12600.0000       17.3643188    
   12612.5000       17.3113651    
   12625.0000       17.2611370    
   12637.5000       17.2117367    
   12650.0000       17.1622086    
   12662.5000       17.1134090    
   12675.0000       17.0664616    
   12687.5000       17.0230370    
   12700.0000       16.9837914    
   12712.5000       16.9453354    
   12725.0000       16.9046707    
   12737.5000       16.8645821    
   12750.0000       16.8282604    
   12762.5000       16.7941551    
   12775.0000       16.7609768    
   12787.5000       16.7297211    
   12800.0000       16.6986923    
   12812.5000       16.6656361    
   12825.0000       16.6335449    
   12837.5000       16.6060791    
   12850.0000       16.5813732    
   12862.5000       16.5554924    
   12875.0000       16.5270920    
   12887.5000       16.4984226    
   12900.0000       16.4738960    
   12912.5000       16.4538689    
   12925.0000       16.4331322    
   12937.5000       16.4094410    
   12950.0000       16.3855438    
   12962.5000       16.3632812    
   12975.0000       16.3439522    
   12987.5000       16.3275986    
   13000.0000       16.3092823    
   13012.5000       16.2867680    
   13025.0000       16.2665138    
   13037.5000       16.2525711    
   13050.0000       16.2399769    
   13062.5000       16.2239437    
   13075.0000       16.2058296    
   13087.5000       16.1896591    
   13100.0000       16.1774540    
   13112.5000       16.1671181    
   13125.0000       16.1553421    
   13137.5000       16.1420612    
   13150.0000       16.1298599    
   13162.5000       16.1205521    
   13175.0000       16.1133385    
   13187.5000       16.1054306    
   13200.0000       16.0954494    
   13212.5000       16.0855885    
   13225.0000       16.0789490    
   13237.5000       16.0754242    
   13250.0000       16.0713577    
   13262.5000       16.0644684    
   13275.0000       16.0575333    
   13287.5000       16.0538559    
   13300.0000       16.0521965    
   13312.5000       16.0497150    
   13325.0000       16.0458717    
   13337.5000       16.0422001    
   13350.0000       16.0407600    
   13362.5000       16.0413990    
   13375.0000       16.0411301    
   13387.5000       16.0384216    
   13400.0000       16.0356674    
   13412.5000       16.0361023    
   13425.0000       16.0392876    
   13437.5000       16.0403404    
   13450.0000       16.0372448    
   13462.5000       16.0358219    
   13475.0000       16.0397491    
   13487.5000       16.0433159    
   13500.0000       16.0424824    
   13512.5000       16.0416584    
   13525.0000       16.0442429    
   13537.5000       16.0479660    
   13550.0000       16.0502472    
   13562.5000       16.0509510    
   13575.0000       16.0521393    
   13587.5000       16.0558510    
   13600.0000       16.0602665    
   13612.5000       16.0624084    
   13625.0000       16.0638046    
   13637.5000       16.0674095    
   13650.0000       16.0725098    
   13662.5000       16.0770378    
   13675.0000       16.0805550    
   13687.5000       16.0839825    
   13700.0000       16.0891495    
   13712.5000       16.0961666    
   13725.0000       16.1020508    
   13737.5000       16.1058922    
   13750.0000       16.1108952    
   13762.5000       16.1183758    
   13775.0000       16.1258278    
   13787.5000       16.1318626    
   13800.0000       16.1377621    
   13812.5000       16.1449375    
   13825.0000       16.1531162    
   13837.5000       16.1606312    
   13850.0000       16.1671352    
   13862.5000       16.1744328    
   13875.0000       16.1828880    
   13887.5000       16.1906567    
   13900.0000       16.1971817    
   13912.5000       16.2040119    
   13925.0000       16.2122154    
   13937.5000       16.2204361    
   13950.0000       16.2267590    
   13962.5000       16.2326012    
   13975.0000       16.2404442    
   13987.5000       16.2485046    
   14000.0000       16.2545681    
   14012.5000       16.2606144    
   14025.0000       16.2675953    
   14037.5000       16.2738094    
   14050.0000       16.2798672    
   14062.5000       16.2867088    
   14075.0000       16.2928505    
   14087.5000       16.2983551    
   14100.0000       16.3046684    
   14112.5000       16.3114223    
   14125.0000       16.3180962    
   14137.5000       16.3246613    
   14150.0000       16.3307896    
   14162.5000       16.3375130    
   14175.0000       16.3454266    
   14187.5000       16.3526382    
   14200.0000       16.3590755    
   14212.5000       16.3670425    
   14225.0000       16.3759727    
   14237.5000       16.3837833    
   14250.0000       16.3914318    
   14262.5000       16.4005852    
   14275.0000       16.4103260    
   14287.5000       16.4191322    
   14300.0000       16.4277496    
   14312.5000       16.4379635    
   14325.0000       16.4489021    
   14337.5000       16.4582672    
   14350.0000       16.4672184    
   14362.5000       16.4780617    
   14375.0000       16.4891090    
   14387.5000       16.4985504    
   14400.0000       16.5081635    
   14412.5000       16.5186462    
   14425.0000       16.5284691    
   14437.5000       16.5377617    
   14450.0000       16.5472374    
   14462.5000       16.5564079    
   14475.0000       16.5652504    
   14487.5000       16.5737839    
   14500.0000       16.5815620    
   14512.5000       16.5891533    
   14525.0000       16.5969353    
   14537.5000       16.6040115    
   14550.0000       16.6102409    
   14562.5000       16.6163044    
   14575.0000       16.6221886    
   14587.5000       16.6275520    
   14600.0000       16.6323967    
   14612.5000       16.6372910    
   14625.0000       16.6424332    
   14637.5000       16.6467094    
   14650.0000       16.6502686    
   14662.5000       16.6549358    
   14675.0000       16.6597862    
   14687.5000       16.6629829    
   14700.0000       16.6665459    
   14712.5000       16.6716614    
   14725.0000       16.6758766    
   14737.5000       16.6792870    
   14750.0000       16.6840611    
   14762.5000       16.6893826    
   14775.0000       16.6941261    
   14787.5000       16.6990051    
   14800.0000       16.7043686    
   14812.5000       16.7104836    
   14825.0000       16.7169037    
   14837.5000       16.7222424    
   14850.0000       16.7279167    
   14862.5000       16.7355881    
   14875.0000       16.7424393    
   14887.5000       16.7477818    
   14900.0000       16.7553711    
   14912.5000       16.7639637    
   14925.0000       16.7697067    
   14937.5000       16.7756157    
   14950.0000       16.7843018    
   14962.5000       16.7914677    
   14975.0000       16.7962112    
   14987.5000       16.8027496    
   15000.0000       16.8100967    
   15012.5000       16.8151398    
   15025.0000       16.8199806    
   15037.5000       16.8258095    
   15050.0000       16.8303680    
   15062.5000       16.8342457    
   15075.0000       16.8387604    
   15087.5000       16.8422623    
   15100.0000       16.8448792    
   15112.5000       16.8481598    
   15125.0000       16.8506756    
   15137.5000       16.8518677    
   15150.0000       16.8536034    
   15162.5000       16.8552780    
   15175.0000       16.8557205    
   15187.5000       16.8564339    
   15200.0000       16.8576565    
   15212.5000       16.8579292    
   15225.0000       16.8578625    
   15237.5000       16.8582859    
   15250.0000       16.8583527    
   15262.5000       16.8579979    
   15275.0000       16.8578892    
   15287.5000       16.8577194    
   15300.0000       16.8572292    
   15312.5000       16.8568039    
   15325.0000       16.8563004    
   15337.5000       16.8553772    
   15350.0000       16.8545589    
   15362.5000       16.8541317    
   15375.0000       16.8531685    
   15387.5000       16.8515549    
   15400.0000       16.8503933    
   15412.5000       16.8491116    
   15425.0000       16.8466301    
   15437.5000       16.8443031    
   15450.0000       16.8425674    
   15462.5000       16.8394070    
   15475.0000       16.8351936    
   15487.5000       16.8317547    
   15500.0000       16.8277912    
   15512.5000       16.8221512    
   15525.0000       16.8165798    
   15537.5000       16.8113117    
   15550.0000       16.8047161    
   15562.5000       16.7972374    
   15575.0000       16.7900734    
   15587.5000       16.7823982    
   15600.0000       16.7734489    
   15612.5000       16.7642365    
   15625.0000       16.7552319    
   15637.5000       16.7454433    
   15650.0000       16.7348309    
   15662.5000       16.7244587    
   15675.0000       16.7142525    
   15687.5000       16.7035522    
   15700.0000       16.6923161    
   15712.5000       16.6806030    
   15725.0000       16.6692238    
   15737.5000       16.6586685    
   15750.0000       16.6472187    
   15762.5000       16.6347504    
   15775.0000       16.6237221    
   15787.5000       16.6131268    
   15800.0000       16.6006622    
   15812.5000       16.5887585    
   15825.0000       16.5786037    
   15837.5000       16.5670090    
   15850.0000       16.5542984    
   15862.5000       16.5431938    
   15875.0000       16.5321255    
   15887.5000       16.5195904    
   15900.0000       16.5072613    
   15912.5000       16.4952488    
   15925.0000       16.4824085    
   15937.5000       16.4691525    
   15950.0000       16.4557552    
   15962.5000       16.4419098    
   15975.0000       16.4274826    
   15987.5000       16.4120789    
   16000.0000       16.3961639    
   16012.5000       16.3803768    
   16025.0000       16.3634510    
   16037.5000       16.3447971    
   16050.0000       16.3260059    
   16062.5000       16.3071671    
   16075.0000       16.2867985    
   16087.5000       16.2653027    
   16100.0000       16.2437325    
   16112.5000       16.2215157    
   16125.0000       16.1979656    
   16137.5000       16.1735706    
   16150.0000       16.1489429    
   16162.5000       16.1236362    
   16175.0000       16.0969334    
   16187.5000       16.0696068    
   16200.0000       16.0425415    
   16212.5000       16.0144501    
   16225.0000       15.9846745    
   16237.5000       15.9551897    
   16250.0000       15.9262409    
   16262.5000       15.8957434    
   16275.0000       15.8643074    
   16287.5000       15.8336430    
   16300.0000       15.8023529    
   16312.5000       15.7696247    
   16325.0000       15.7373400    
   16337.5000       15.7053432    
   16350.0000       15.6718779    
   16362.5000       15.6379051    
   16375.0000       15.6045713    
   16387.5000       15.5705872    
   16400.0000       15.5355320    
   16412.5000       15.5005054    
   16425.0000       15.4653215    
   16437.5000       15.4292908    
   16450.0000       15.3927250    
   16462.5000       15.3558369    
   16475.0000       15.3183393    
   16487.5000       15.2799816    
   16500.0000       15.2408371    
   16512.5000       15.2013512    
   16525.0000       15.1611929    
   16537.5000       15.1194754    
   16550.0000       15.0769939    
   16562.5000       15.0346003    
   16575.0000       14.9907932    
   16587.5000       14.9452686    
   16600.0000       14.8998098    
   16612.5000       14.8536415    
   16625.0000       14.8053493    
   16637.5000       14.7564564    
   16650.0000       14.7072296    
   16662.5000       14.6561222    
   16675.0000       14.6040936    
   16687.5000       14.5517464    
   16700.0000       14.4975872    
   16712.5000       14.4423046    
   16725.0000       14.3868618    
   16737.5000       14.3299236    
   16750.0000       14.2717915    
   16762.5000       14.2133656    
   16775.0000       14.1534252    
   16787.5000       14.0923576    
   16800.0000       14.0313368    
   16812.5000       13.9688549    
   16825.0000       13.9047127    
   16837.5000       13.8405666    
   16850.0000       13.7756529    
   16862.5000       13.7092037    
   16875.0000       13.6421146    
   16887.5000       13.5740738    
   16900.0000       13.5047998    
   16912.5000       13.4347649    
   16925.0000       13.3634109    
   16937.5000       13.2910051    
   16950.0000       13.2182627    
   16962.5000       13.1439848    
   16975.0000       13.0680552    
   16987.5000       12.9917603    
   17000.0000       12.9142399    
   17012.5000       12.8347712    
   17025.0000       12.7544651    
   17037.5000       12.6732187    
   17050.0000       12.5903931    
   17062.5000       12.5062361    
   17075.0000       12.4206429    
   17087.5000       12.3337688    
   17100.0000       12.2456837    
   17112.5000       12.1555672    
   17125.0000       12.0639267    
   17137.5000       11.9715433    
   17150.0000       11.8771248    
   17162.5000       11.7805710    
   17175.0000       11.6833782    
   17187.5000       11.5848923    
   17200.0000       11.4839687    
   17212.5000       11.3814287    
   17225.0000       11.2778568    
   17237.5000       11.1726418    
   17250.0000       11.0653019    
   17262.5000       10.9562969    
   17275.0000       10.8463097    
   17287.5000       10.7345734    
   17300.0000       10.6205120    
   17312.5000       10.5054083    
   17325.0000       10.3889999    
   17337.5000       10.2698326    
   17350.0000       10.1492233    
   17362.5000       10.0278082    
   17375.0000       9.90353966    
   17387.5000       9.77707005    
   17400.0000       9.65021133    
   17412.5000       9.52123451    
   17425.0000       9.38921833    
   17437.5000       9.25609970    
   17450.0000       9.12169647    
   17462.5000       8.98432159    
   17475.0000       8.84463882    
   17487.5000       8.70373917    
   17500.0000       8.56060028    
   17512.5000       8.41444206    
   17525.0000       8.26650238    
   17537.5000       8.11702919    
   17550.0000       7.96430540    
   17562.5000       7.80865669    
   17575.0000       7.65161610    
   17587.5000       7.49183178    
   17600.0000       7.32830048    
   17612.5000       7.16268158    
   17625.0000       6.99476767    
   17637.5000       6.82325840    
   17650.0000       6.64906359    
   17662.5000       6.47215128    
   17675.0000       6.29137325    
   17687.5000       6.10769081    
   17700.0000       5.92155933    
   17712.5000       5.73161602    
   17725.0000       5.53799391    
   17737.5000       5.34149599    
   17750.0000       5.14138842    
   17762.5000       4.93713570    
   17775.0000       4.72946167    
   17787.5000       4.51872110    
   17800.0000       4.30403090    
   17812.5000       4.08505249    
   17825.0000       3.86279249    
   17837.5000       3.63689089    
   17850.0000       3.40606713    
   17862.5000       3.17133021    
   17875.0000       2.93321466    
   17887.5000       2.69012165    
   17900.0000       2.44254732    
   17912.5000       2.19138336    
   17925.0000       1.93505788    
   17937.5000       1.67392588    
   17950.0000       1.40923619    
   17962.5000       1.13922739    
   17975.0000      0.863609374    
   17987.5000      0.583786368    
   18000.0000      0.298404187    
   18012.5000       7.13191181E-03
   18025.0000     -0.288473815    
   18037.5000     -0.589737058    
   18050.0000     -0.897634387    
   18062.5000      -1.21079421    
   18075.0000      -1.52993059    
   18087.5000      -1.85594964    
   18100.0000      -2.18784332    
   18112.5000      -2.52614450    
   18125.0000      -2.87166786    
   18137.5000      -3.22388220    
   18150.0000      -3.58350134    
   18162.5000      -3.95110917    
   18175.0000      -4.32598162    
   18187.5000      -4.70859289    
   18200.0000      -5.09957123    
   18212.5000      -5.49879980    
   18225.0000      -5.90705442    
   18237.5000      -6.32455063    
   18250.0000      -6.75089836    
   18262.5000      -7.18710041    
   18275.0000      -7.63363647    
   18287.5000      -8.09011173    
   18300.0000      -8.55746746    
   18312.5000      -9.03631210    
   18325.0000      -9.52635860    
   18337.5000      -10.0285339    
   18350.0000      -10.5436916    
   18362.5000      -11.0718384    
   18375.0000      -11.6136932    
   18387.5000      -12.1699638    
   18400.0000      -12.7409611    
   18412.5000      -13.3275547    
   18425.0000      -13.9305344    
   18437.5000      -14.5507059    
   18450.0000      -15.1892242    
   18462.5000      -15.8465958    
   18475.0000      -16.5234642    
   18487.5000      -17.2213306    
   18500.0000      -17.9414177    
   18512.5000      -18.6848164    
   18525.0000      -19.4527435    
   18537.5000      -20.2462788    
   18550.0000      -21.0672646    
   18562.5000      -21.9174881    
   18575.0000      -22.7978191    
   18587.5000      -23.7104015    
   18600.0000      -24.6578083    
   18612.5000      -25.6410408    
   18625.0000      -26.6622334    
   18637.5000      -27.7246132    
   18650.0000      -28.8295231    
   18662.5000      -29.9789238    
   18675.0000      -31.1766376    
   18687.5000      -32.4247856    
   18700.0000      -33.7251205    
   18712.5000      -35.0813484    
   18725.0000      -36.4961510    
   18737.5000      -37.9711151    
   18750.0000      -39.5094986    
   18762.5000      -41.1145248    
   18775.0000      -42.7877884    
   18787.5000      -44.5311852    
   18800.0000      -46.3472824    
   18812.5000      -48.2376709    
   18825.0000      -50.2028809    
   18837.5000      -52.2435646    
   18850.0000      -54.3605881    
   18862.5000      -56.5534515    
   18875.0000      -58.8200912    
   18887.5000      -61.1582298    
   18900.0000      -63.5649681    
   18912.5000      -66.0357895    
   18925.0000      -68.5648270    
   18937.5000      -71.1451035    
   18950.0000      -73.7684860    
   18962.5000      -76.4252167    
   18975.0000      -79.1031494    
   18987.5000      -81.7889252    
   19000.0000      -84.4680481    
   19012.5000      -87.1233215    
   19025.0000      -89.7358475    
   19037.5000      -92.2859879    
   19050.0000      -94.7513046    
   19062.5000      -97.1072464    
   19075.0000      -99.3294067    
   19087.5000      -101.391296    
   19100.0000      -103.264229    
   19112.5000      -104.919800    
   19125.0000      -106.328590    
   19137.5000      -107.459991    
   19150.0000      -108.284576    
   19162.5000      -108.772736    
   19175.0000      -108.894714    
   19187.5000      -108.623360    
   19200.0000      -107.932693    
   19212.5000      -106.797592    
   19225.0000      -105.197235    
   19237.5000      -103.114182    
   19250.0000      -100.532387    
   19262.5000      -97.4402313    
   19275.0000      -93.8315125    
   19287.5000      -89.7040405    
   19300.0000      -85.0605774    
   19312.5000      -79.9091492    
   19325.0000      -74.2626801    
   19337.5000      -68.1402817    
   19350.0000      -61.5667801    
   19362.5000      -54.5714836    
   19375.0000      -47.1897240    
   19387.5000      -39.4626999    
   19400.0000      -31.4347172    
   19412.5000      -23.1541557    
   19425.0000      -14.6755934    
   19437.5000      -6.05658150    
   19450.0000       2.64514422    
   19462.5000       11.3686504    
   19475.0000       20.0498047    
   19487.5000       28.6265755    
   19500.0000       37.0378036    
   19512.5000       45.2199554    
   19525.0000       53.1131897    
   19537.5000       60.6636963    
   19550.0000       67.8172302    
   19562.5000       74.5221786    
   19575.0000       80.7362518    
   19587.5000       86.4211349    
   19600.0000       91.5411224    
   19612.5000       96.0695038    
   19625.0000       99.9867325    
   19637.5000       103.277138    
   19650.0000       105.932816    
   19662.5000       107.953163    
   19675.0000       109.342964    
   19687.5000       110.113632    
   19700.0000       110.281952    
   19712.5000       109.869781    
   19725.0000       108.905785    
   19737.5000       107.421837    
   19750.0000       105.452286    
   19762.5000       103.037140    
   19775.0000       100.218369    
   19787.5000       97.0378113    
   19800.0000       93.5403595    
   19812.5000       89.7720261    
   19825.0000       85.7771072    
   19837.5000       81.6002350    
   19850.0000       77.2851715    
   19862.5000       72.8731232    
   19875.0000       68.4035797    
   19887.5000       63.9131927    
   19900.0000       59.4361000    
   19912.5000       55.0044136    
   19925.0000       50.6454506    
   19937.5000       46.3834991    
   19950.0000       42.2418442    
   19962.5000       38.2385445    
   19975.0000       34.3878365    
   19987.5000       30.7040348    
   20000.0000       27.1968842    
   20012.5000       23.8714046    
   20025.0000       20.7333603    
   20037.5000       17.7858162    
   20050.0000       15.0268908    
   20062.5000       12.4547844    
   20075.0000       10.0669947    
   20087.5000       7.85736561    
   20100.0000       5.81851625    
   20112.5000       3.94294500    
   20125.0000       2.22276783    
   20137.5000      0.649825931    
   20150.0000     -0.785143554    
   20162.5000      -2.09068966    
   20175.0000      -3.27447081    
   20187.5000      -4.34657764    
   20200.0000      -5.31668472    
   20212.5000      -6.19148731    
   20225.0000      -6.97966909    
   20237.5000      -7.69073963    
   20250.0000      -8.33036137    
   20262.5000      -8.90441036    
   20275.0000      -9.41972542    
   20287.5000      -9.87971210    
   20300.0000      -10.2880964    
   20312.5000      -10.6507778    
   20325.0000      -10.9703360    
   20337.5000      -11.2478895    
   20350.0000      -11.4867821    
   20362.5000      -11.6883116    
   20375.0000      -11.8512325    
   20387.5000      -11.9755287    
   20400.0000      -12.0604877    
   20412.5000      -12.1040268    
   20425.0000      -12.1056099    
   20437.5000      -12.0643511    
   20450.0000      -11.9774923    
   20462.5000      -11.8433790    
   20475.0000      -11.6603765    
   20487.5000      -11.4242210    
   20500.0000      -11.1306734    
   20512.5000      -10.7759571    
   20525.0000      -10.3538141    
   20537.5000      -9.85721302    
   20550.0000      -9.27888107    
   20562.5000      -8.60745907    
   20575.0000      -7.82918644    
   20587.5000      -6.93114042    
   20600.0000      -5.89859962    
   20612.5000      -4.71588039    
   20625.0000      -3.37031698    
   20637.5000      -1.85021627    
   20650.0000     -0.143871516    
   20662.5000       1.75803041    
   20675.0000       3.86438608    
   20687.5000       6.18431568    
   20700.0000       8.72502995    
   20712.5000       11.4948587    
   20725.0000       14.5040684    
   20737.5000       17.7609921    
   20750.0000       21.2737980    
   20762.5000       25.0508175    
   20775.0000       29.0948372    
   20787.5000       33.4040413    
   20800.0000       37.9751167    
   20812.5000       42.7994690    
   20825.0000       47.8636513    
   20837.5000       53.1539955    
   20850.0000       58.6548119    
   20862.5000       64.3473358    
   20875.0000       70.2123413    
   20887.5000       76.2277985    
   20900.0000       82.3652420    
   20912.5000       88.5909576    
   20925.0000       94.8671112    
   20937.5000       101.151154    
   20950.0000       107.397385    
   20962.5000       113.560432    
   20975.0000       119.596169    
   20987.5000       125.458878    
   21000.0000       131.101334    
   21012.5000       136.476974    
   21025.0000       141.537018    
   21037.5000       146.228775    
   21050.0000       150.501526    
   21062.5000       154.309219    
   21075.0000       157.608383    
   21087.5000       160.361496    
   21100.0000       162.538544    
   21112.5000       164.112442    
   21125.0000       165.057816    
   21137.5000       165.352722    
   21150.0000       164.979202    
   21162.5000       163.927429    
   21175.0000       162.198090    
   21187.5000       159.799789    
   21200.0000       156.747864    
   21212.5000       153.063492    
   21225.0000       148.771225    
   21237.5000       143.899872    
   21250.0000       138.484772    
   21262.5000       132.567688    
   21275.0000       126.196915    
   21287.5000       119.426086    
   21300.0000       112.312073    
   21312.5000       104.914398    
   21325.0000       97.2914886    
   21337.5000       89.4989777    
   21350.0000       81.5958176    
   21362.5000       73.6442261    
   21375.0000       65.7035904    
   21387.5000       57.8334312    
   21400.0000       50.0933914    
   21412.5000       42.5326996    
   21425.0000       35.1925850    
   21437.5000       28.1165352    
   21450.0000       21.3455791    
   21462.5000       14.9137449    
   21475.0000       8.85327530    
   21487.5000       3.19070721    
   21500.0000      -2.05894160    
   21512.5000      -6.88620949    
   21525.0000      -11.2834940    
   21537.5000      -15.2465315    
   21550.0000      -18.7733212    
   21562.5000      -21.8670979    
   21575.0000      -24.5396633    
   21587.5000      -26.8069115    
   21600.0000      -28.6865807    
   21612.5000      -30.1985359    
   21625.0000      -31.3607445    
   21637.5000      -32.1914444    
   21650.0000      -32.7154083    
   21662.5000      -32.9598618    
   21675.0000      -32.9495544    
   21687.5000      -32.7101173    
   21700.0000      -32.2670708    
   21712.5000      -31.6422539    
   21725.0000      -30.8582573    
   21737.5000      -29.9409676    
   21750.0000      -28.9141846    
   21762.5000      -27.7979031    
   21775.0000      -26.6109161    
   21787.5000      -25.3694324    
   21800.0000      -24.0869293    
   21812.5000      -22.7789040    
   21825.0000      -21.4621086    
   21837.5000      -20.1482849    
   21850.0000      -18.8447571    
   21862.5000      -17.5586109    
   21875.0000      -16.2956352    
   21887.5000      -15.0611534    
   21900.0000      -13.8632240    
   21912.5000      -12.7080612    
   21925.0000      -11.5961447    
   21937.5000      -10.5276451    
   21950.0000      -9.50449371    
   21962.5000      -8.52700138    
   21975.0000      -7.59530544    
   21987.5000      -6.70964241    
   22000.0000      -5.86706686    
   22012.5000      -5.06475163    
