  -987.500000       0.00000000    
  -975.000000       0.00000000    
  -962.500000       0.00000000    
  -950.000000       0.00000000    
  -937.500000       0.00000000    
  -925.000000       0.00000000    
  -912.500000       0.00000000    
  -900.000000       0.00000000    
  -887.500000       0.00000000    
  -875.000000       0.00000000    
  -862.500000       0.00000000    
  -850.000000       0.00000000    
  -837.500000       0.00000000    
  -825.000000       3.96147076E-42
  -812.500000       1.83037605E-41
  -800.000000       5.35898572E-41
  -787.500000       1.72836153E-40
  -775.000000       6.45365205E-40
  -762.500000       2.52760612E-39
  -750.000000       9.98472660E-39
  -737.500000       3.91452109E-38
  -725.000000       1.51711410E-37
  -712.500000       5.80989957E-37
  -700.000000       2.19810610E-36
  -687.500000       8.21582662E-36
  -675.000000       3.03962865E-35
  -662.500000       1.11599482E-34
  -650.000000       4.06487921E-34
  -637.500000       1.46515847E-33
  -625.000000       5.21610667E-33
  -612.500000       1.83321533E-32
  -600.000000       6.36106660E-32
  -587.500000       2.17949160E-31
  -575.000000       7.37451882E-31
  -562.500000       2.46442071E-30
  -550.000000       8.13460823E-30
  -537.500000       2.65218609E-29
  -525.000000       8.54081620E-29
  -512.500000       2.71650445E-28
  -500.000000       8.53378788E-28
  -487.500000       2.64794760E-27
  -475.000000       8.11561610E-27
  -462.500000       2.45671408E-26
  -450.000000       7.34423340E-26
  -437.500000       2.16789626E-25
  -425.000000       6.31884192E-25
  -412.500000       1.81898210E-24
  -400.000000       5.17279761E-24
  -387.500000       1.45349973E-23
  -375.000000       4.03588434E-23
  -362.500000       1.10741278E-22
  -350.000000       3.00283147E-22
  -337.500000       8.04649735E-22
  -325.000000       2.13081080E-21
  -312.500000       5.57645708E-21
  -300.000000       1.44233658E-20
  -287.500000       3.68715338E-20
  -275.000000       9.31648289E-20
  -262.500000       2.32683140E-19
  -250.000000       5.74437127E-19
  -237.500000       1.40182464E-18
  -225.000000       3.38162850E-18
  -212.500000       8.06394474E-18
  -200.000000       1.90095750E-17
  -187.500000       4.43018448E-17
  -175.000000       1.02075411E-16
  -162.500000       2.32538523E-16
  -150.000000       5.23795698E-16
  -137.500000       1.16663648E-15
  -125.000000       2.56937047E-15
  -112.500000       5.59560638E-15
  -100.000000       1.20506412E-14
  -87.5000000       2.56643207E-14
  -75.0000000       5.40529637E-14
  -62.5000000       1.12588121E-13
  -50.0000000       2.31932881E-13
  -37.5000000       4.72544909E-13
  -25.0000000       9.52250540E-13
  -12.5000000       1.89804075E-12
   0.00000000       3.74220186E-12
   12.5000000       7.29860183E-12
   25.0000000       1.40820862E-11
   37.5000000       2.68800832E-11
   50.0000000       5.07631021E-11
   62.5000000       9.48488302E-11
   75.0000000       1.75344794E-10
   87.5000000       3.20732801E-10
   100.000000       5.80497261E-10
   112.500000       1.03964404E-09
   125.000000       1.84255933E-09
   137.500000       3.23174110E-09
   150.000000       5.60992275E-09
   162.500000       9.63853264E-09
   175.000000       1.63918727E-08
   187.500000       2.75956840E-08
   200.000000       4.59918965E-08
   212.500000       7.58896448E-08
   225.000000       1.23987888E-07
   237.500000       2.00588801E-07
   250.000000       3.21366684E-07
   262.500000       5.09916333E-07
   275.000000       8.01383862E-07
   287.500000       1.24758503E-06
   300.000000       1.92414382E-06
   312.500000       2.94034680E-06
   325.000000       4.45259866E-06
   337.500000       6.68258735E-06
   350.000000       9.94156289E-06
   362.500000       1.46624370E-05
   375.000000       2.14418924E-05
   387.500000       3.10950636E-05
   400.000000       4.47260391E-05
   412.500000       6.38179190E-05
   425.000000       9.03469263E-05
   437.500000       1.26925981E-04
   450.000000       1.76984322E-04
   462.500000       2.44990864E-04
   475.000000       3.36730300E-04
   487.500000       4.59642033E-04
   500.000000       6.23236236E-04
   512.500000       8.39601154E-04
   525.000000       1.12401950E-03
   537.500000       1.49571383E-03
   550.000000       1.97874964E-03
   562.500000       2.60311621E-03
   575.000000       3.40603222E-03
   587.500000       4.43350198E-03
   600.000000       5.74216992E-03
   612.500000       7.40152784E-03
   625.000000       9.49652586E-03
   637.500000       1.21306414E-02
   650.000000       1.54294912E-02
   662.500000       1.95450708E-02
   675.000000       2.46606395E-02
   687.500000       3.09964120E-02
   700.000000       3.88160907E-02
   712.500000       4.84343842E-02
   725.000000       6.02254830E-02
   737.500000       7.46327415E-02
   750.000000       9.21795368E-02
   762.500000      0.113481395    
   775.000000      0.139259547    
   787.500000      0.170355618    
   800.000000      0.207748234    
   812.500000      0.252570421    
   825.000000      0.306128681    
   837.500000      0.369923651    
   850.000000      0.445671678    
   862.500000      0.535326958    
   875.000000      0.641104579    
   887.500000      0.765505612    
   900.000000      0.911339939    
   912.500000       1.08174980    
   925.000000       1.28023279    
   937.500000       1.51066172    
   950.000000       1.77730322    
   962.500000       2.08483648    
   975.000000       2.43836045    
   987.500000       2.84340048    
   1000.00000       3.30591249    
   1012.50000       3.83227539    
   1025.00000       4.42927170    
   1037.50000       5.10406876    
   1050.00000       5.86418247    
   1062.50000       6.71742201    
   1075.00000       7.67184544    
   1087.50000       8.73569012    
   1100.00000       9.91726303    
   1112.50000       11.2248640    
   1125.00000       12.6666546    
   1137.50000       14.2505455    
   1150.00000       15.9840412    
   1162.50000       17.8740826    
   1175.00000       19.9268856    
   1187.50000       22.1477566    
   1200.00000       24.5409164    
   1212.50000       27.1092834    
   1225.00000       29.8543129    
   1237.50000       32.7757835    
   1250.00000       35.8716087    
   1262.50000       39.1376648    
   1275.00000       42.5676498    
   1287.50000       46.1528511    
   1300.00000       49.8821373    
   1312.50000       53.7417870    
   1325.00000       57.7154846    
   1337.50000       61.7841835    
   1350.00000       65.9262314    
   1362.50000       70.1174240    
   1375.00000       74.3310471    
   1387.50000       78.5380325    
   1400.00000       82.7071991    
   1412.50000       86.8056412    
   1425.00000       90.7986679    
   1437.50000       94.6504288    
   1450.00000       98.3243484    
   1462.50000       101.783310    
   1475.00000       104.990356    
   1487.50000       107.909096    
   1500.00000       110.504143    
   1512.50000       112.741638    
   1525.00000       114.589821    
   1537.50000       116.019531    
   1550.00000       117.004753    
   1562.50000       117.522926    
   1575.00000       117.555283    
   1587.50000       117.087479    
   1600.00000       116.109924    
   1612.50000       114.617744    
   1625.00000       112.611053    
   1637.50000       110.095253    
   1650.00000       107.080864    
   1662.50000       103.583496    
   1675.00000       99.6237106    
   1687.50000       95.2268524    
   1700.00000       90.4228210    
   1712.50000       85.2455826    
   1725.00000       79.7326050    
   1737.50000       73.9247055    
   1750.00000       67.8653030    
   1762.50000       61.5998993    
   1775.00000       55.1757317    
   1787.50000       48.6406555    
   1800.00000       42.0425949    
   1812.50000       35.4294815    
   1825.00000       28.8483162    
   1837.50000       22.3442802    
   1850.00000       15.9607496    
   1862.50000       9.73877335    
   1875.00000       3.71638298    
   1887.50000      -2.07181311    
   1900.00000      -7.59482574    
   1912.50000      -12.8252373    
   1925.00000      -17.7397652    
   1937.50000      -22.3198109    
   1950.00000      -26.5511017    
   1962.50000      -30.4237671    
   1975.00000      -33.9323540    
   1987.50000      -37.0750427    
   2000.00000      -39.8527679    
   2012.50000      -42.2693253    
   2025.00000      -44.3317566    
   2037.50000      -46.0504417    
   2050.00000      -47.4389572    
   2062.50000      -48.5134010    
   2075.00000      -49.2908707    
   2087.50000      -49.7891655    
   2100.00000      -50.0276718    
   2112.50000      -50.0271835    
   2125.00000      -49.8089294    
   2137.50000      -49.3936386    
   2150.00000      -48.8020477    
   2162.50000      -48.0556412    
   2175.00000      -47.1753006    
   2187.50000      -46.1799622    
   2200.00000      -45.0870438    
   2212.50000      -43.9135284    
   2225.00000      -42.6762886    
   2237.50000      -41.3913651    
   2250.00000      -40.0726128    
   2262.50000      -38.7320480    
   2275.00000      -37.3808975    
   2287.50000      -36.0297012    
   2300.00000      -34.6873741    
   2312.50000      -33.3610802    
   2325.00000      -32.0572281    
   2337.50000      -30.7816925    
   2350.00000      -29.5387840    
   2362.50000      -28.3312626    
   2375.00000      -27.1618900    
   2387.50000      -26.0338249    
   2400.00000      -24.9487762    
   2412.50000      -23.9060707    
   2425.00000      -22.9047585    
   2437.50000      -21.9452896    
   2450.00000      -21.0279160    
   2462.50000      -20.1510544    
   2475.00000      -19.3131599    
   2487.50000      -18.5137653    
   2500.00000      -17.7505684    
   2512.50000      -17.0197105    
   2525.00000      -16.3203602    
   2537.50000      -15.6550484    
   2550.00000      -15.0260563    
   2562.50000      -14.4349461    
   2575.00000      -13.8840437    
   2587.50000      -13.3749123    
   2600.00000      -12.9050713    
   2612.50000      -12.4668903    
   2625.00000      -12.0494518    
   2637.50000      -11.6446495    
   2650.00000      -11.2541094    
   2662.50000      -10.8844500    
   2675.00000      -10.5351124    
   2687.50000      -10.2001209    
   2700.00000      -9.87782097    
   2712.50000      -9.56832695    
   2725.00000      -9.26907349    
   2737.50000      -8.98042774    
   2750.00000      -8.70543861    
   2762.50000      -8.44132137    
   2775.00000      -8.18283653    
   2787.50000      -7.93201828    
   2800.00000      -7.69251633    
   2812.50000      -7.46118736    
   2825.00000      -7.23500729    
   2837.50000      -7.01577616    
   2850.00000      -6.80400372    
   2862.50000      -6.59848928    
   2875.00000      -6.39920616    
   2887.50000      -6.20497799    
   2900.00000      -6.01509380    
   2912.50000      -5.83177948    
   2925.00000      -5.65442753    
   2937.50000      -5.47940540    
   2950.00000      -5.30841589    
   2962.50000      -5.14460850    
   2975.00000      -4.98432970    
   2987.50000      -4.82538891    
   3000.00000      -4.67195988    
   3012.50000      -4.52385902    
   3025.00000      -4.37693501    
   3037.50000      -4.23295403    
   3050.00000      -4.09444237    
   3062.50000      -3.95846415    
   3075.00000      -3.82406783    
   3087.50000      -3.69379997    
   3100.00000      -3.56683350    
   3112.50000      -3.44145226    
   3125.00000      -3.31911302    
   3137.50000      -3.19999576    
   3150.00000      -3.08262777    
   3162.50000      -2.96761417    
   3175.00000      -2.85537434    
   3187.50000      -2.74511242    
   3200.00000      -2.63720632    
   3212.50000      -2.53162646    
   3225.00000      -2.42757034    
   3237.50000      -2.32577825    
   3250.00000      -2.22647119    
   3262.50000      -2.12841368    
   3275.00000      -2.03208113    
   3287.50000      -1.93822622    
   3300.00000      -1.84560299    
   3312.50000      -1.75424051    
   3325.00000      -1.66526890    
   3337.50000      -1.57768631    
   3350.00000      -1.49113703    
   3362.50000      -1.40684485    
   3375.00000      -1.32391822    
   3387.50000      -1.24165273    
   3400.00000      -1.16139293    
   3412.50000      -1.08236289    
   3425.00000      -1.00348592    
   3437.50000     -0.926632285    
   3450.00000     -0.851772070    
   3462.50000     -0.776987255    
   3475.00000     -0.703416705    
   3487.50000     -0.631666541    
   3500.00000     -0.559970379    
   3512.50000     -0.489249945    
   3525.00000     -0.420561433    
   3537.50000     -0.351876199    
   3550.00000     -0.283482134    
   3562.50000     -0.217104152    
   3575.00000     -0.151129276    
   3587.50000      -8.51656795E-02
   3600.00000      -2.10323595E-02
   3612.50000       4.25867066E-02
   3625.00000      0.106596604    
   3637.50000      0.168865144    
   3650.00000      0.230163246    
   3662.50000      0.292198360    
   3675.00000      0.352976918    
   3687.50000      0.412357062    
   3700.00000      0.472389281    
   3712.50000      0.531570137    
   3725.00000      0.589157104    
   3737.50000      0.647348702    
   3750.00000      0.705094934    
   3762.50000      0.761094093    
   3775.00000      0.817541242    
   3787.50000      0.873898983    
   3800.00000      0.928389311    
   3812.50000      0.983045697    
   3825.00000       1.03803539    
   3837.50000       1.09137964    
   3850.00000       1.14452791    
   3862.50000       1.19795907    
   3875.00000       1.24987710    
   3887.50000       1.30166841    
   3900.00000       1.35403478    
   3912.50000       1.40479493    
   3925.00000       1.45506716    
   3937.50000       1.50619256    
   3950.00000       1.55583048    
   3962.50000       1.60469723    
   3975.00000       1.65482950    
   3987.50000       1.70374548    
   4000.00000       1.75138021    
   4012.50000       1.80044103    
   4025.00000       1.84873664    
   4037.50000       1.89528644    
   4050.00000       1.94327545    
   4062.50000       1.99125433    
   4075.00000       2.03710651    
   4087.50000       2.08387637    
   4100.00000       2.13143778    
   4112.50000       2.17703533    
   4125.00000       2.22282505    
   4137.50000       2.26970267    
   4150.00000       2.31504369    
   4162.50000       2.36035037    
   4175.00000       2.40686512    
   4187.50000       2.45178175    
   4200.00000       2.49636889    
   4212.50000       2.54270768    
   4225.00000       2.58767748    
   4237.50000       2.63151217    
   4250.00000       2.67716670    
   4262.50000       2.72224569    
   4275.00000       2.76577115    
   4287.50000       2.81061316    
   4300.00000       2.85546827    
   4312.50000       2.89876461    
   4325.00000       2.94292498    
   4337.50000       2.98751879    
   4350.00000       3.03067207    
   4362.50000       3.07425761    
   4375.00000       3.11848259    
   4387.50000       3.16146564    
   4400.00000       3.20459437    
   4412.50000       3.24833202    
   4425.00000       3.29093742    
   4437.50000       3.33365536    
   4450.00000       3.37705326    
   4462.50000       3.41931200    
   4475.00000       3.46155643    
   4487.50000       3.50460482    
   4500.00000       3.54665637    
   4512.50000       3.58859825    
   4525.00000       3.63137722    
   4537.50000       3.67314100    
   4550.00000       3.71459031    
   4562.50000       3.75703716    
   4575.00000       3.79866791    
   4587.50000       3.83990335    
   4600.00000       3.88234162    
   4612.50000       3.92395782    
   4625.00000       3.96470213    
   4637.50000       4.00690269    
   4650.00000       4.04872894    
   4662.50000       4.08920383    
   4675.00000       4.13111162    
   4687.50000       4.17336082    
   4700.00000       4.21389151    
   4712.50000       4.25526047    
   4725.00000       4.29767179    
   4737.50000       4.33863258    
   4750.00000       4.37974644    
   4762.50000       4.42219925    
   4775.00000       4.46375608    
   4787.50000       4.50485706    
   4800.00000       4.54707813    
   4812.50000       4.58904076    
   4825.00000       4.63043690    
   4837.50000       4.67256451    
   4850.00000       4.71482849    
   4862.50000       4.75667000    
   4875.00000       4.79880238    
   4887.50000       4.84120178    
   4900.00000       4.88363409    
   4912.50000       4.92617655    
   4925.00000       4.96866083    
   4937.50000       5.01133347    
   4950.00000       5.05426550    
   4962.50000       5.09699059    
   4975.00000       5.13993216    
   4987.50000       5.18338108    
   5000.00000       5.22647285    
   5012.50000       5.26942682    
   5025.00000       5.31306553    
   5037.50000       5.35665798    
   5050.00000       5.40007734    
   5062.50000       5.44425154    
   5075.00000       5.48848295    
   5087.50000       5.53231764    
   5100.00000       5.57682848    
   5112.50000       5.62152910    
   5125.00000       5.66568375    
   5137.50000       5.71036243    
   5150.00000       5.75543785    
   5162.50000       5.80012989    
   5175.00000       5.84538937    
   5187.50000       5.89132929    
   5200.00000       5.93691397    
   5212.50000       5.98257589    
   5225.00000       6.02872515    
   5237.50000       6.07468033    
   5250.00000       6.12073088    
   5262.50000       6.16746473    
   5275.00000       6.21427441    
   5287.50000       6.26109362    
   5300.00000       6.30853462    
   5312.50000       6.35616875    
   5325.00000       6.40366316    
   5337.50000       6.45139885    
   5350.00000       6.49931240    
   5362.50000       6.54754734    
   5375.00000       6.59635925    
   5387.50000       6.64536524    
   5400.00000       6.69446754    
   5412.50000       6.74362755    
   5425.00000       6.79280472    
   5437.50000       6.84273148    
   5450.00000       6.89327145    
   5462.50000       6.94348145    
   5475.00000       6.99397659    
   5487.50000       7.04516459    
   5500.00000       7.09598160    
   5512.50000       7.14704323    
   5525.00000       7.19940805    
   5537.50000       7.25151634    
   5550.00000       7.30299473    
   5562.50000       7.35573483    
   5575.00000       7.40900993    
   5587.50000       7.46152592    
   5600.00000       7.51486969    
   5612.50000       7.56908321    
   5625.00000       7.62247753    
   5637.50000       7.67621613    
   5650.00000       7.73136044    
   5662.50000       7.78623581    
   5675.00000       7.84075928    
   5687.50000       7.89632034    
   5700.00000       7.95219135    
   5712.50000       8.00778198    
   5725.00000       8.06415367    
   5737.50000       8.12111092    
   5750.00000       8.17776108    
   5762.50000       8.23470688    
   5775.00000       8.29256344    
   5787.50000       8.35077000    
   5800.00000       8.40887451    
   5812.50000       8.46732330    
   5825.00000       8.52661037    
   5837.50000       8.58632088    
   5850.00000       8.64600468    
   5862.50000       8.70619965    
   5875.00000       8.76710796    
   5887.50000       8.82812119    
   5900.00000       8.88958168    
   5912.50000       8.95204258    
   5925.00000       9.01461983    
   5937.50000       9.07730389    
   5950.00000       9.14133453    
   5962.50000       9.20595264    
   5975.00000       9.27022648    
   5987.50000       9.33548355    
   6000.00000       9.40188122    
   6012.50000       9.46816635    
   6025.00000       9.53490257    
   6037.50000       9.60281181    
   6050.00000       9.67116356    
   6062.50000       9.73999310    
   6075.00000       9.80988216    
   6087.50000       9.88023472    
   6100.00000       9.95079231    
   6112.50000       10.0224209    
   6125.00000       10.0949869    
   6137.50000       10.1677341    
   6150.00000       10.2412176    
   6162.50000       10.3159189    
   6175.00000       10.3911037    
   6187.50000       10.4665413    
   6200.00000       10.5428877    
   6212.50000       10.6202307    
   6225.00000       10.6980867    
   6237.50000       10.7765837    
   6250.00000       10.8560181    
   6262.50000       10.9360867    
   6275.00000       11.0168247    
   6287.50000       11.0984859    
   6300.00000       11.1807384    
   6312.50000       11.2638140    
   6325.00000       11.3481445    
   6337.50000       11.4330063    
   6350.00000       11.5183067    
   6362.50000       11.6050167    
   6375.00000       11.6927729    
   6387.50000       11.7808352    
   6400.00000       11.8699627    
   6412.50000       11.9604769    
   6425.00000       12.0516376    
   6437.50000       12.1437206    
   6450.00000       12.2372456    
   6462.50000       12.3316135    
   6475.00000       12.4268208    
   6487.50000       12.5234756    
   6500.00000       12.6212311    
   6512.50000       12.7200232    
   6525.00000       12.8202801    
   6537.50000       12.9215899    
   6550.00000       13.0239744    
   6562.50000       13.1280127    
   6575.00000       13.2332382    
   6587.50000       13.3394547    
   6600.00000       13.4473715    
   6612.50000       13.5568295    
   6625.00000       13.6674194    
   6637.50000       13.7794895    
   6650.00000       13.8931398    
   6662.50000       14.0082531    
   6675.00000       14.1249580    
   6687.50000       14.2430840    
   6700.00000       14.3627491    
   6712.50000       14.4843636    
   6725.00000       14.6073971    
   6737.50000       14.7316799    
   6750.00000       14.8582382    
   6762.50000       14.9867363    
   6775.00000       15.1162205    
   6787.50000       15.2476625    
   6800.00000       15.3815193    
   6812.50000       15.5167465    
   6825.00000       15.6537971    
   6837.50000       15.7933693    
   6850.00000       15.9345531    
   6862.50000       16.0775356    
   6875.00000       16.2231865    
   6887.50000       16.3707428    
   6900.00000       16.5202808    
   6912.50000       16.6728115    
   6925.00000       16.8273659    
   6937.50000       16.9837570    
   6950.00000       17.1435471    
   6962.50000       17.3059502    
   6975.00000       17.4699516    
   6987.50000       17.6373024    
   7000.00000       17.8080845    
   7012.50000       17.9808235    
   7025.00000       18.1569366    
   7037.50000       18.3373451    
   7050.00000       18.5201702    
   7062.50000       18.7057190    
   7075.00000       18.8956223    
   7087.50000       19.0888138    
   7100.00000       19.2850552    
   7112.50000       19.4860268    
   7125.00000       19.6913528    
   7137.50000       19.9002800    
   7150.00000       20.1137638    
   7162.50000       20.3319855    
   7175.00000       20.5545425    
   7187.50000       20.7819462    
   7200.00000       21.0145607    
   7212.50000       21.2525177    
   7225.00000       21.4961624    
   7237.50000       21.7453918    
   7250.00000       22.0003624    
   7262.50000       22.2618828    
   7275.00000       22.5298996    
   7287.50000       22.8044186    
   7300.00000       23.0866699    
   7312.50000       23.3765316    
   7325.00000       23.6732101    
   7337.50000       23.9783745    
   7350.00000       24.2930431    
   7362.50000       24.6159973    
   7375.00000       24.9480724    
   7387.50000       25.2909203    
   7400.00000       25.6437130    
   7412.50000       26.0068436    
   7425.00000       26.3825760    
   7437.50000       26.7707672    
   7450.00000       27.1709080    
   7462.50000       27.5850258    
   7475.00000       28.0140495    
   7487.50000       28.4577408    
   7500.00000       28.9179039    
   7512.50000       29.3958015    
   7525.00000       29.8913155    
   7537.50000       30.4060020    
   7550.00000       30.9417038    
   7562.50000       31.4991417    
   7575.00000       32.0796013    
   7587.50000       32.6846695    
   7600.00000       33.3157158    
   7612.50000       33.9746323    
   7625.00000       34.6631622    
   7637.50000       35.3825722    
   7650.00000       36.1345673    
   7662.50000       36.9212608    
   7675.00000       37.7445488    
   7687.50000       38.6062164    
   7700.00000       39.5080223    
   7712.50000       40.4514847    
   7725.00000       41.4383011    
   7737.50000       42.4703712    
   7750.00000       43.5489731    
   7762.50000       44.6749344    
   7775.00000       45.8492432    
   7787.50000       47.0726089    
   7800.00000       48.3451347    
   7812.50000       49.6663284    
   7825.00000       51.0353241    
   7837.50000       52.4506493    
   7850.00000       53.9099121    
   7862.50000       55.4103546    
   7875.00000       56.9480667    
   7887.50000       58.5175781    
   7900.00000       60.1133614    
   7912.50000       61.7289772    
   7925.00000       63.3551483    
   7937.50000       64.9823532    
   7950.00000       66.6009827    
   7962.50000       68.1981812    
   7975.00000       69.7599640    
   7987.50000       71.2728806    
   8000.00000       72.7204971    
   8012.50000       74.0844955    
   8025.00000       75.3475647    
   8037.50000       76.4902191    
   8050.00000       77.4911194    
   8062.50000       78.3299408    
   8075.00000       78.9851608    
   8087.50000       79.4338379    
   8100.00000       79.6545563    
   8112.50000       79.6255798    
   8125.00000       79.3246460    
   8137.50000       78.7320709    
   8150.00000       77.8288422    
   8162.50000       76.5959320    
   8175.00000       75.0181885    
   8187.50000       73.0826797    
   8200.00000       70.7770844    
   8212.50000       68.0936356    
   8225.00000       65.0283356    
   8237.50000       61.5786896    
   8250.00000       57.7473831    
   8262.50000       53.5419197    
   8275.00000       48.9716148    
   8287.50000       44.0509377    
   8300.00000       38.8002205    
   8312.50000       33.2415962    
   8325.00000       27.4015865    
   8337.50000       21.3129368    
   8350.00000       15.0100031    
   8362.50000       8.52956772    
   8375.00000       1.91410851    
   8387.50000      -4.79224110    
   8400.00000      -11.5453224    
   8412.50000      -18.2973156    
   8425.00000      -24.9988976    
   8437.50000      -31.6026134    
   8450.00000      -38.0602798    
   8462.50000      -44.3232880    
   8475.00000      -50.3463211    
   8487.50000      -56.0860214    
   8500.00000      -61.5001373    
   8512.50000      -66.5507660    
   8525.00000      -71.2044220    
   8537.50000      -75.4303055    
   8550.00000      -79.2021103    
   8562.50000      -82.4994049    
   8575.00000      -85.3064880    
   8587.50000      -87.6117859    
   8600.00000      -89.4094391    
   8612.50000      -90.6993332    
   8625.00000      -91.4853897    
   8637.50000      -91.7766266    
   8650.00000      -91.5874252    
   8662.50000      -90.9357452    
   8675.00000      -89.8433456    
   8687.50000      -88.3361053    
   8700.00000      -86.4426880    
   8712.50000      -84.1941376    
   8725.00000      -81.6240616    
   8737.50000      -78.7674484    
   8750.00000      -75.6599197    
   8762.50000      -72.3382797    
   8775.00000      -68.8391571    
   8787.50000      -65.1980438    
   8800.00000      -61.4503708    
   8812.50000      -57.6299057    
   8825.00000      -53.7678604    
   8837.50000      -49.8949013    
   8850.00000      -46.0392227    
   8862.50000      -42.2250061    
   8875.00000      -38.4759140    
   8887.50000      -34.8137169    
   8900.00000      -31.2555275    
   8912.50000      -27.8175926    
   8925.00000      -24.5147247    
   8937.50000      -21.3564682    
   8950.00000      -18.3505974    
   8962.50000      -15.5041714    
   8975.00000      -12.8196278    
   8987.50000      -10.2977810    
   9000.00000      -7.94018364    
   9012.50000      -5.74491930    
   9025.00000      -3.70819259    
   9037.50000      -1.82746303    
   9050.00000      -9.75383967E-02
   9062.50000       1.48894811    
   9075.00000       2.93790054    
   9087.50000       4.25674152    
   9100.00000       5.45438194    
   9112.50000       6.53742313    
   9125.00000       7.51287413    
   9137.50000       8.38932323    
   9150.00000       9.17377567    
   9162.50000       9.87374496    
   9175.00000       10.4981270    
   9187.50000       11.0534487    
   9200.00000       11.5454159    
   9212.50000       11.9809570    
   9225.00000       12.3652754    
   9237.50000       12.7027760    
   9250.00000       12.9994488    
   9262.50000       13.2600555    
   9275.00000       13.4875479    
   9287.50000       13.6854954    
   9300.00000       13.8568249    
   9312.50000       14.0034332    
   9325.00000       14.1281967    
   9337.50000       14.2334757    
   9350.00000       14.3201866    
   9362.50000       14.3898544    
   9375.00000       14.4440241    
   9387.50000       14.4844379    
   9400.00000       14.5153952    
   9412.50000       14.5418835    
   9425.00000       14.5673618    
   9437.50000       14.5952883    
   9450.00000       14.6287842    
   9462.50000       14.6690884    
   9475.00000       14.7165623    
   9487.50000       14.7707272    
   9500.00000       14.8286343    
   9512.50000       14.8855400    
   9525.00000       14.9374237    
   9537.50000       14.9827099    
   9550.00000       15.0223627    
   9562.50000       15.0592041    
   9575.00000       15.0973816    
   9587.50000       15.1404552    
   9600.00000       15.1888561    
   9612.50000       15.2409859    
   9625.00000       15.2947865    
   9637.50000       15.3464928    
   9650.00000       15.3927383    
   9662.50000       15.4343224    
   9675.00000       15.4747753    
   9687.50000       15.5179138    
   9700.00000       15.5664158    
   9712.50000       15.6190720    
   9725.00000       15.6715364    
   9737.50000       15.7206268    
   9750.00000       15.7658195    
   9762.50000       15.8085823    
   9775.00000       15.8516350    
   9787.50000       15.8975735    
   9800.00000       15.9474392    
   9812.50000       15.9995251    
   9825.00000       16.0500069    
   9837.50000       16.0962372    
   9850.00000       16.1389904    
   9862.50000       16.1820240    
   9875.00000       16.2295761    
   9887.50000       16.2821846    
   9900.00000       16.3351479    
   9912.50000       16.3833103    
   9925.00000       16.4267807    
   9937.50000       16.4703827    
   9950.00000       16.5186081    
   9962.50000       16.5717697    
   9975.00000       16.6255589    
   9987.50000       16.6751099    
   10000.0000       16.7206631    
   10012.5000       16.7667522    
   10025.0000       16.8168640    
   10037.5000       16.8710575    
   10050.0000       16.9261951    
   10062.5000       16.9779682    
   10075.0000       17.0255051    
   10087.5000       17.0732632    
   10100.0000       17.1260262    
   10112.5000       17.1829548    
   10125.0000       17.2391281    
   10137.5000       17.2912979    
   10150.0000       17.3406105    
   10162.5000       17.3918686    
   10175.0000       17.4486046    
   10187.5000       17.5077629    
   10200.0000       17.5632477    
   10212.5000       17.6141548    
   10225.0000       17.6652832    
   10237.5000       17.7204895    
   10250.0000       17.7787132    
   10262.5000       17.8359890    
   10275.0000       17.8894024    
   10287.5000       17.9405251    
   10300.0000       17.9944382    
   10312.5000       18.0525017    
   10325.0000       18.1103058    
   10337.5000       18.1646729    
   10350.0000       18.2171936    
   10362.5000       18.2710152    
   10375.0000       18.3274651    
   10387.5000       18.3850212    
   10400.0000       18.4407959    
   10412.5000       18.4935837    
   10425.0000       18.5459633    
   10437.5000       18.6014500    
   10450.0000       18.6591835    
   10462.5000       18.7152252    
   10475.0000       18.7684631    
   10487.5000       18.8217945    
   10500.0000       18.8783340    
   10512.5000       18.9373398    
   10525.0000       18.9944363    
   10537.5000       19.0475330    
   10550.0000       19.1011677    
   10562.5000       19.1600533    
   10575.0000       19.2206402    
   10587.5000       19.2771397    
   10600.0000       19.3313370    
   10612.5000       19.3881569    
   10625.0000       19.4483223    
   10637.5000       19.5090866    
   10650.0000       19.5670471    
   10662.5000       19.6225739    
   10675.0000       19.6809692    
   10687.5000       19.7435913    
   10700.0000       19.8046341    
   10712.5000       19.8620262    
   10725.0000       19.9206181    
   10737.5000       19.9822121    
   10750.0000       20.0438843    
   10762.5000       20.1040440    
   10775.0000       20.1628017    
   10787.5000       20.2219238    
   10800.0000       20.2836723    
   10812.5000       20.3456135    
   10825.0000       20.4038849    
   10837.5000       20.4605904    
   10850.0000       20.5190792    
   10862.5000       20.5780106    
   10875.0000       20.6351185    
   10887.5000       20.6895199    
   10900.0000       20.7413216    
   10912.5000       20.7926598    
   10925.0000       20.8434734    
   10937.5000       20.8892708    
   10950.0000       20.9288960    
   10962.5000       20.9658470    
   10975.0000       20.9999542    
   10987.5000       21.0269928    
   11000.0000       21.0442505    
   11012.5000       21.0520344    
   11025.0000       21.0519981    
   11037.5000       21.0418720    
   11050.0000       21.0147419    
   11062.5000       20.9687366    
   11075.0000       20.9071980    
   11087.5000       20.8265476    
   11100.0000       20.7181511    
   11112.5000       20.5792274    
   11125.0000       20.4097576    
   11137.5000       20.2055054    
   11150.0000       19.9592152    
   11162.5000       19.6637173    
   11175.0000       19.3154678    
   11187.5000       18.9122143    
   11200.0000       18.4446507    
   11212.5000       17.9011269    
   11225.0000       17.2778625    
   11237.5000       16.5713387    
   11250.0000       15.7700844    
   11262.5000       14.8627052    
   11275.0000       13.8426552    
   11287.5000       12.7030125    
   11300.0000       11.4347305    
   11312.5000       10.0278463    
   11325.0000       8.47221756    
   11337.5000       6.76066589    
   11350.0000       4.88814068    
   11362.5000       2.84569454    
   11375.0000      0.623776078    
   11387.5000      -1.78042817    
   11400.0000      -4.36872339    
   11412.5000      -7.14699888    
   11425.0000      -10.1180115    
   11437.5000      -13.2789612    
   11450.0000      -16.6265850    
   11462.5000      -20.1576920    
   11475.0000      -23.8669891    
   11487.5000      -27.7451172    
   11500.0000      -31.7778358    
   11512.5000      -35.9504013    
   11525.0000      -40.2496719    
   11537.5000      -44.6564293    
   11550.0000      -49.1435204    
   11562.5000      -53.6861076    
   11575.0000      -58.2612648    
   11587.5000      -62.8382568    
   11600.0000      -67.3816757    
   11612.5000      -71.8583221    
   11625.0000      -76.2348328    
   11637.5000      -80.4749451    
   11650.0000      -84.5394592    
   11662.5000      -88.3889618    
   11675.0000      -91.9881592    
   11687.5000      -95.3019409    
   11700.0000      -98.2906265    
   11712.5000      -100.917831    
   11725.0000      -103.155899    
   11737.5000      -104.976006    
   11750.0000      -106.346390    
   11762.5000      -107.244240    
   11775.0000      -107.654556    
   11787.5000      -107.561279    
   11800.0000      -106.951675    
   11812.5000      -105.821548    
   11825.0000      -104.171967    
   11837.5000      -102.007973    
   11850.0000      -99.3380737    
   11862.5000      -96.1761703    
   11875.0000      -92.5450134    
   11887.5000      -88.4709244    
   11900.0000      -83.9796143    
   11912.5000      -79.1038666    
   11925.0000      -73.8848724    
   11937.5000      -68.3625488    
   11950.0000      -62.5763092    
   11962.5000      -56.5726242    
   11975.0000      -50.4001923    
   11987.5000      -44.1048584    
   12000.0000      -37.7331619    
   12012.5000      -31.3330078    
   12025.0000      -24.9520264    
   12037.5000      -18.6351700    
   12050.0000      -12.4225521    
   12062.5000      -6.35498714    
   12075.0000     -0.473796248    
   12087.5000       5.18906403    
   12100.0000       10.6060362    
   12112.5000       15.7460747    
   12125.0000       20.5853214    
   12137.5000       25.1095524    
   12150.0000       29.3032990    
   12162.5000       33.1537781    
   12175.0000       36.6566696    
   12187.5000       39.8095398    
   12200.0000       42.6129570    
   12212.5000       45.0727806    
   12225.0000       47.1945229    
   12237.5000       48.9883842    
   12250.0000       50.4714050    
   12262.5000       51.6553764    
   12275.0000       52.5520782    
   12287.5000       53.1847343    
   12300.0000       53.5738831    
   12312.5000       53.7320709    
   12325.0000       53.6808281    
   12337.5000       53.4459991    
   12350.0000       53.0438919    
   12362.5000       52.4919815    
   12375.0000       51.8143463    
   12387.5000       51.0295258    
   12400.0000       50.1516190    
   12412.5000       49.1979523    
   12425.0000       48.1846771    
   12437.5000       47.1250191    
   12450.0000       46.0326347    
   12462.5000       44.9192505    
   12475.0000       43.7947998    
   12487.5000       42.6702843    
   12500.0000       41.5542297    
   12512.5000       40.4516182    
   12525.0000       39.3689728    
   12537.5000       38.3126068    
   12550.0000       37.2848206    
   12562.5000       36.2883263    
   12575.0000       35.3275681    
   12587.5000       34.4038239    
   12600.0000       33.5170517    
   12612.5000       32.6687660    
   12625.0000       31.8586731    
   12637.5000       31.0846748    
   12650.0000       30.3467178    
   12662.5000       29.6456261    
   12675.0000       28.9803448    
   12687.5000       28.3491840    
   12700.0000       27.7512035    
   12712.5000       27.1858215    
   12725.0000       26.6515884    
   12737.5000       26.1463051    
   12750.0000       25.6702213    
   12762.5000       25.2256317    
   12775.0000       24.8113899    
   12787.5000       24.4256916    
   12800.0000       24.0705147    
   12812.5000       23.7448502    
   12825.0000       23.4442940    
   12837.5000       23.1684933    
   12850.0000       22.9158249    
   12862.5000       22.6795807    
   12875.0000       22.4560490    
   12887.5000       22.2432747    
   12900.0000       22.0360451    
   12912.5000       21.8321609    
   12925.0000       21.6338940    
   12937.5000       21.4417858    
   12950.0000       21.2567024    
   12962.5000       21.0823402    
   12975.0000       20.9199715    
   12987.5000       20.7686806    
   13000.0000       20.6281662    
   13012.5000       20.4944496    
   13025.0000       20.3621788    
   13037.5000       20.2312908    
   13050.0000       20.1022072    
   13062.5000       19.9743443    
   13075.0000       19.8517590    
   13087.5000       19.7377224    
   13100.0000       19.6303349    
   13112.5000       19.5290718    
   13125.0000       19.4334736    
   13137.5000       19.3385944    
   13150.0000       19.2417240    
   13162.5000       19.1455269    
   13175.0000       19.0522060    
   13187.5000       18.9639816    
   13200.0000       18.8837585    
   13212.5000       18.8090458    
   13225.0000       18.7348423    
   13237.5000       18.6602592    
   13250.0000       18.5852222    
   13262.5000       18.5106316    
   13275.0000       18.4408531    
   13287.5000       18.3771915    
   13300.0000       18.3171177    
   13312.5000       18.2591667    
   13325.0000       18.2010612    
   13337.5000       18.1412754    
   13350.0000       18.0829983    
   13362.5000       18.0290565    
   13375.0000       17.9791851    
   13387.5000       17.9329929    
   13400.0000       17.8883152    
   13412.5000       17.8422012    
   13425.0000       17.7960777    
   13437.5000       17.7524529    
   13450.0000       17.7113476    
   13462.5000       17.6737709    
   13475.0000       17.6395912    
   13487.5000       17.6052284    
   13500.0000       17.5699024    
   13512.5000       17.5355778    
   13525.0000       17.5027542    
   13537.5000       17.4732056    
   13550.0000       17.4479408    
   13562.5000       17.4228573    
   13575.0000       17.3953133    
   13587.5000       17.3683987    
   13600.0000       17.3443871    
   13612.5000       17.3224697    
   13625.0000       17.3027000    
   13637.5000       17.2844849    
   13650.0000       17.2646713    
   13662.5000       17.2433243    
   13675.0000       17.2245998    
   13687.5000       17.2091370    
   13700.0000       17.1944046    
   13712.5000       17.1798439    
   13725.0000       17.1646423    
   13737.5000       17.1480827    
   13750.0000       17.1332569    
   13762.5000       17.1221581    
   13775.0000       17.1118355    
   13787.5000       17.0997429    
   13800.0000       17.0860958    
   13812.5000       17.0720654    
   13825.0000       17.0602264    
   13837.5000       17.0518208    
   13850.0000       17.0431538    
   13862.5000       17.0310974    
   13875.0000       17.0184059    
   13887.5000       17.0085564    
   13900.0000       17.0011978    
   13912.5000       16.9939594    
   13925.0000       16.9841194    
   13937.5000       16.9720097    
   13950.0000       16.9622059    
   13962.5000       16.9563847    
   13975.0000       16.9506836    
   13987.5000       16.9423637    
   14000.0000       16.9329700    
   14012.5000       16.9252548    
   14025.0000       16.9200058    
   14037.5000       16.9153042    
   14050.0000       16.9089108    
   14062.5000       16.9011917    
   14075.0000       16.8946381    
   14087.5000       16.8906021    
   14100.0000       16.8876629    
   14112.5000       16.8832417    
   14125.0000       16.8769455    
   14137.5000       16.8717003    
   14150.0000       16.8692837    
   14162.5000       16.8673630    
   14175.0000       16.8641071    
   14187.5000       16.8600464    
   14200.0000       16.8557091    
   14212.5000       16.8528728    
   14225.0000       16.8524132    
   14237.5000       16.8505707    
   14250.0000       16.8456726    
   14262.5000       16.8419933    
   14275.0000       16.8413258    
   14287.5000       16.8403664    
   14300.0000       16.8370838    
   14312.5000       16.8324585    
   14325.0000       16.8290272    
   14337.5000       16.8282433    
   14350.0000       16.8268452    
   14362.5000       16.8220749    
   14375.0000       16.8172150    
   14387.5000       16.8145676    
   14400.0000       16.8122673    
   14412.5000       16.8093376    
   14425.0000       16.8050079    
   14437.5000       16.7994156    
   14450.0000       16.7957077    
   14462.5000       16.7934532    
   14475.0000       16.7887917    
   14487.5000       16.7830582    
   14500.0000       16.7791901    
   14512.5000       16.7756729    
   14525.0000       16.7713795    
   14537.5000       16.7668381    
   14550.0000       16.7616959    
   14562.5000       16.7573662    
   14575.0000       16.7547188    
   14587.5000       16.7506180    
   14600.0000       16.7445717    
   14612.5000       16.7400990    
   14625.0000       16.7371445    
   14637.5000       16.7335110    
   14650.0000       16.7292538    
   14662.5000       16.7246857    
   14675.0000       16.7205544    
   14687.5000       16.7177963    
   14700.0000       16.7148361    
   14712.5000       16.7105904    
   14725.0000       16.7066002    
   14737.5000       16.7034512    
   14750.0000       16.7005272    
   14762.5000       16.6974831    
   14775.0000       16.6935120    
   14787.5000       16.6892815    
   14800.0000       16.6866474    
   14812.5000       16.6842384    
   14825.0000       16.6800613    
   14837.5000       16.6759415    
   14850.0000       16.6730251    
   14862.5000       16.6698227    
   14875.0000       16.6660881    
   14887.5000       16.6619606    
   14900.0000       16.6574650    
   14912.5000       16.6539116    
   14925.0000       16.6506367    
   14937.5000       16.6456146    
   14950.0000       16.6400471    
   14962.5000       16.6357613    
   14975.0000       16.6318359    
   14987.5000       16.6267662    
   15000.0000       16.6201935    
   15012.5000       16.6136208    
   15025.0000       16.6088963    
   15037.5000       16.6040916    
   15050.0000       16.5964088    
   15062.5000       16.5884933    
   15075.0000       16.5830898    
   15087.5000       16.5771370    
   15100.0000       16.5685310    
   15112.5000       16.5595932    
   15125.0000       16.5521584    
   15137.5000       16.5452862    
   15150.0000       16.5361137    
   15162.5000       16.5250549    
   15175.0000       16.5167961    
   15187.5000       16.5098343    
   15200.0000       16.4986439    
   15212.5000       16.4863720    
   15225.0000       16.4774399    
   15237.5000       16.4682465    
   15250.0000       16.4565372    
   15262.5000       16.4445839    
   15275.0000       16.4328594    
   15287.5000       16.4212646    
   15300.0000       16.4096451    
   15312.5000       16.3962440    
   15325.0000       16.3818684    
   15337.5000       16.3689346    
   15350.0000       16.3561249    
   15362.5000       16.3416176    
   15375.0000       16.3265285    
   15387.5000       16.3118248    
   15400.0000       16.2972622    
   15412.5000       16.2819481    
   15425.0000       16.2652092    
   15437.5000       16.2485561    
   15450.0000       16.2327538    
   15462.5000       16.2154617    
   15475.0000       16.1963234    
   15487.5000       16.1779213    
   15500.0000       16.1603050    
   15512.5000       16.1413517    
   15525.0000       16.1209984    
   15537.5000       16.1008587    
   15550.0000       16.0814018    
   15562.5000       16.0609589    
   15575.0000       16.0383816    
   15587.5000       16.0156784    
   15600.0000       15.9940367    
   15612.5000       15.9711609    
   15625.0000       15.9465666    
   15637.5000       15.9226036    
   15650.0000       15.8993950    
   15662.5000       15.8750410    
   15675.0000       15.8489733    
   15687.5000       15.8224621    
   15700.0000       15.7963524    
   15712.5000       15.7694225    
   15725.0000       15.7412319    
   15737.5000       15.7133923    
   15750.0000       15.6858349    
   15762.5000       15.6570654    
   15775.0000       15.6275921    
   15787.5000       15.5981541    
   15800.0000       15.5676575    
   15812.5000       15.5363493    
   15825.0000       15.5055428    
   15837.5000       15.4737873    
   15850.0000       15.4407825    
   15862.5000       15.4092865    
   15875.0000       15.3776875    
   15887.5000       15.3428068    
   15900.0000       15.3077755    
   15912.5000       15.2747478    
   15925.0000       15.2400799    
   15937.5000       15.2031078    
   15950.0000       15.1672754    
   15962.5000       15.1324682    
   15975.0000       15.0957031    
   15987.5000       15.0570145    
   16000.0000       15.0185680    
   16012.5000       14.9805012    
   16025.0000       14.9414101    
   16037.5000       14.9009705    
   16050.0000       14.8603945    
   16062.5000       14.8201733    
   16075.0000       14.7783508    
   16087.5000       14.7342205    
   16100.0000       14.6902752    
   16112.5000       14.6469431    
   16125.0000       14.6018057    
   16137.5000       14.5548420    
   16150.0000       14.5079603    
   16162.5000       14.4607973    
   16175.0000       14.4113207    
   16187.5000       14.3598652    
   16200.0000       14.3089142    
   16212.5000       14.2579975    
   16225.0000       14.2043962    
   16237.5000       14.1490326    
   16250.0000       14.0940781    
   16262.5000       14.0378599    
   16275.0000       13.9793921    
   16287.5000       13.9206619    
   16300.0000       13.8612270    
   16312.5000       13.7998848    
   16325.0000       13.7377586    
   16337.5000       13.6739254    
   16350.0000       13.6078949    
   16362.5000       13.5426521    
   16375.0000       13.4768744    
   16387.5000       13.4072828    
   16400.0000       13.3370581    
   16412.5000       13.2678566    
   16425.0000       13.1960421    
   16437.5000       13.1221266    
   16450.0000       13.0486488    
   16462.5000       12.9740238    
   16475.0000       12.8971357    
   16487.5000       12.8188782    
   16500.0000       12.7396803    
   16512.5000       12.6601810    
   16525.0000       12.5795622    
   16537.5000       12.4960842    
   16550.0000       12.4113779    
   16562.5000       12.3268919    
   16575.0000       12.2402439    
   16587.5000       12.1508560    
   16600.0000       12.0612421    
   16612.5000       11.9711819    
   16625.0000       11.8781242    
   16637.5000       11.7824574    
   16650.0000       11.6867905    
   16662.5000       11.5903740    
   16675.0000       11.4901991    
   16687.5000       11.3875370    
   16700.0000       11.2851467    
   16712.5000       11.1807747    
   16725.0000       11.0725031    
   16737.5000       10.9632187    
   16750.0000       10.8534117    
   16762.5000       10.7400112    
   16775.0000       10.6234903    
   16787.5000       10.5062523    
   16800.0000       10.3875799    
   16812.5000       10.2656975    
   16825.0000       10.1407366    
   16837.5000       10.0144453    
   16850.0000       9.88686466    
   16862.5000       9.75541878    
   16875.0000       9.62078571    
   16887.5000       9.48588276    
   16900.0000       9.34876251    
   16912.5000       9.20721626    
   16925.0000       9.06364727    
   16937.5000       8.91910553    
   16950.0000       8.77150726    
   16962.5000       8.62005997    
   16975.0000       8.46656704    
   16987.5000       8.31224060    
   17000.0000       8.15473175    
   17012.5000       7.99256992    
   17025.0000       7.82874870    
   17037.5000       7.66405392    
   17050.0000       7.49493504    
   17062.5000       7.32149506    
   17075.0000       7.14735413    
   17087.5000       6.97121525    
   17100.0000       6.78950644    
   17112.5000       6.60434532    
   17125.0000       6.41839981    
   17137.5000       6.22898626    
   17150.0000       6.03424788    
   17162.5000       5.83614349    
   17175.0000       5.63583088    
   17187.5000       5.43203688    
   17200.0000       5.22306824    
   17212.5000       5.00946236    
   17225.0000       4.79322433    
   17237.5000       4.57316494    
   17250.0000       4.34671450    
   17262.5000       4.11580992    
   17275.0000       3.88230324    
   17287.5000       3.64270496    
   17300.0000       3.39614344    
   17312.5000       3.14639235    
   17325.0000       2.89195967    
   17337.5000       2.62925863    
   17350.0000       2.36094666    
   17362.5000       2.08869481    
   17375.0000       1.80938804    
   17387.5000       1.52217281    
   17400.0000       1.22832465    
   17412.5000      0.927836955    
   17425.0000      0.619909167    
   17437.5000      0.303121269    
   17450.0000      -2.23913752E-02
   17462.5000     -0.354784727    
   17475.0000     -0.695389926    
   17487.5000      -1.04675913    
   17500.0000      -1.40738392    
   17512.5000      -1.77642763    
   17525.0000      -2.15707111    
   17537.5000      -2.55022192    
   17550.0000      -2.95381832    
   17562.5000      -3.36845589    
   17575.0000      -3.79651213    
   17587.5000      -4.23804045    
   17600.0000      -4.69162941    
   17612.5000      -5.15874720    
   17625.0000      -5.64294910    
   17637.5000      -6.14342308    
   17650.0000      -6.65797329    
   17662.5000      -7.19043922    
   17675.0000      -7.74356556    
   17687.5000      -8.31421852    
   17700.0000      -8.90322685    
   17712.5000      -9.51535416    
   17725.0000      -10.1508455    
   17737.5000      -10.8089428    
   17750.0000      -11.4921684    
   17762.5000      -12.2026510    
   17775.0000      -12.9410601    
   17787.5000      -13.7082758    
   17800.0000      -14.5063744    
   17812.5000      -15.3384285    
   17825.0000      -16.2055302    
   17837.5000      -17.1082001    
   17850.0000      -18.0503979    
   17862.5000      -19.0345268    
   17875.0000      -20.0593910    
   17887.5000      -21.1281166    
   17900.0000      -22.2456169    
   17912.5000      -23.4115677    
   17925.0000      -24.6265469    
   17937.5000      -25.8943386    
   17950.0000      -27.2158051    
   17962.5000      -28.5911007    
   17975.0000      -30.0223656    
   17987.5000      -31.5097885    
   18000.0000      -33.0529556    
   18012.5000      -34.6527481    
   18025.0000      -36.3072090    
   18037.5000      -38.0132942    
   18050.0000      -39.7707367    
   18062.5000      -41.5764961    
   18075.0000      -43.4237366    
   18087.5000      -45.3083801    
   18100.0000      -47.2257271    
   18112.5000      -49.1660423    
   18125.0000      -51.1201630    
   18137.5000      -53.0798721    
   18150.0000      -55.0326462    
   18162.5000      -56.9644737    
   18175.0000      -58.8627014    
   18187.5000      -60.7121735    
   18200.0000      -62.4940681    
   18212.5000      -64.1900635    
   18225.0000      -65.7828522    
   18237.5000      -67.2517242    
   18250.0000      -68.5727692    
   18262.5000      -69.7245712    
   18275.0000      -70.6868591    
   18287.5000      -71.4348831    
   18300.0000      -71.9436493    
   18312.5000      -72.1930389    
   18325.0000      -72.1614685    
   18337.5000      -71.8248291    
   18350.0000      -71.1637115    
   18362.5000      -70.1607895    
   18375.0000      -68.7981186    
   18387.5000      -67.0623322    
   18400.0000      -64.9423828    
   18412.5000      -62.4279938    
   18425.0000      -59.5147667    
   18437.5000      -56.2018204    
   18450.0000      -52.4901657    
   18462.5000      -48.3869553    
   18475.0000      -43.9025345    
   18487.5000      -39.0501556    
   18500.0000      -33.8509674    
   18512.5000      -28.3283882    
   18525.0000      -22.5065022    
   18537.5000      -16.4185829    
   18550.0000      -10.1020832    
   18562.5000      -3.59190941    
   18575.0000       3.07068300    
   18587.5000       9.83797836    
   18600.0000       16.6655140    
   18612.5000       23.5078907    
   18625.0000       30.3142548    
   18637.5000       37.0351715    
   18650.0000       43.6234665    
   18662.5000       50.0307312    
   18675.0000       56.2100220    
   18687.5000       62.1173706    
   18700.0000       67.7112122    
   18712.5000       72.9535294    
   18725.0000       77.8092499    
   18737.5000       82.2472610    
   18750.0000       86.2427750    
   18762.5000       89.7739868    
   18775.0000       92.8225861    
   18787.5000       95.3790741    
   18800.0000       97.4383392    
   18812.5000       98.9967346    
   18825.0000       100.058914    
   18837.5000       100.636147    
   18850.0000       100.739563    
   18862.5000       100.385269    
   18875.0000       99.5978928    
   18887.5000       98.4026489    
   18900.0000       96.8246460    
   18912.5000       94.8954926    
   18925.0000       92.6496887    
   18937.5000       90.1197433    
   18950.0000       87.3404617    
   18962.5000       84.3487854    
   18975.0000       81.1800232    
   18987.5000       77.8688965    
   19000.0000       74.4494476    
   19012.5000       70.9547958    
   19025.0000       67.4169617    
   19037.5000       63.8642464    
   19050.0000       60.3232956    
   19062.5000       56.8203583    
   19075.0000       53.3770599    
   19087.5000       50.0121346    
   19100.0000       46.7446899    
   19112.5000       43.5893555    
   19125.0000       40.5566978    
   19137.5000       37.6584244    
   19150.0000       34.9033661    
   19162.5000       32.2946167    
   19175.0000       29.8359852    
   19187.5000       27.5315895    
   19200.0000       25.3798714    
   19212.5000       23.3778305    
   19225.0000       21.5239773    
   19237.5000       19.8135548    
   19250.0000       18.2402401    
   19262.5000       16.7989311    
   19275.0000       15.4828510    
   19287.5000       14.2845135    
   19300.0000       13.1974497    
   19312.5000       12.2147417    
   19325.0000       11.3291254    
   19337.5000       10.5328779    
   19350.0000       9.81845188    
   19362.5000       9.17946339    
   19375.0000       8.60860252    
   19387.5000       8.09831333    
   19400.0000       7.64336205    
   19412.5000       7.23868275    
   19425.0000       6.87827682    
   19437.5000       6.55803108    
   19450.0000       6.27500534    
   19462.5000       6.02418709    
   19475.0000       5.80066347    
   19487.5000       5.60270452    
   19500.0000       5.42807484    
   19512.5000       5.27241135    
   19525.0000       5.13433695    
   19537.5000       5.01487589    
   19550.0000       4.91134214    
   19562.5000       4.81948805    
   19575.0000       4.73939705    
   19587.5000       4.67071438    
   19600.0000       4.60789871    
   19612.5000       4.54827929    
   19625.0000       4.49313927    
   19637.5000       4.43863201    
   19650.0000       4.38058090    
   19662.5000       4.31987667    
   19675.0000       4.25381517    
   19687.5000       4.17809439    
   19700.0000       4.09512901    
   19712.5000       4.00722933    
   19725.0000       3.91364241    
   19737.5000       3.81808519    
   19750.0000       3.72538805    
   19762.5000       3.63584900    
   19775.0000       3.55047894    
   19787.5000       3.47111797    
   19800.0000       3.39551306    
   19812.5000       3.32103801    
   19825.0000       3.24658990    
   19837.5000       3.16908550    
   19850.0000       3.08599091    
   19862.5000       2.99749160    
   19875.0000       2.90435839    
   19887.5000       2.80877399    
   19900.0000       2.71401668    
   19912.5000       2.62232947    
   19925.0000       2.53563309    
   19937.5000       2.45393252    
   19950.0000       2.37347174    
   19962.5000       2.29091883    
   19975.0000       2.20533419    
   19987.5000       2.11522985    
   20000.0000       2.02049303    
   20012.5000       1.92474186    
   20025.0000       1.83048391    
   20037.5000       1.73790455    
   20050.0000       1.64883065    
   20062.5000       1.56338668    
   20075.0000       1.47729373    
   20087.5000       1.38817048    
   20100.0000       1.29590893    
   20112.5000       1.19862366    
   20125.0000       1.09765017    
   20137.5000      0.997999787    
   20150.0000      0.901026011    
   20162.5000      0.807018876    
   20175.0000      0.716633677    
   20187.5000      0.624770582    
   20200.0000      0.526748002    
   20212.5000      0.424105525    
   20225.0000      0.317524910    
   20237.5000      0.209175497    
   20250.0000      0.105488986    
   20262.5000       6.18346035E-03
   20275.0000      -9.39693525E-02
   20287.5000     -0.195574671    
   20300.0000     -0.300690234    
   20312.5000     -0.412732512    
   20325.0000     -0.527207375    
   20337.5000     -0.638993144    
   20350.0000     -0.749173582    
   20362.5000     -0.857866287    
   20375.0000     -0.965303063    
   20387.5000      -1.07553422    
   20400.0000      -1.19046354    
   20412.5000      -1.30868506    
   20425.0000      -1.42783451    
   20437.5000      -1.54487753    
   20450.0000      -1.65916371    
   20462.5000      -1.77146888    
   20475.0000      -1.88326478    
   20487.5000      -1.99947906    
   20500.0000      -2.12138367    
   20512.5000      -2.24345899    
   20525.0000      -2.36304903    
   20537.5000      -2.48007035    
   20550.0000      -2.59403539    
   20562.5000      -2.70946932    
   20575.0000      -2.83091426    
   20587.5000      -2.95592499    
   20600.0000      -3.08062696    
   20612.5000      -3.20230579    
   20625.0000      -3.31952453    
   20637.5000      -3.43595982    
   20650.0000      -3.55634427    
   20662.5000      -3.68110037    
   20675.0000      -3.80859709    
   20687.5000      -3.93538833    
   20700.0000      -4.05811119    
   20712.5000      -4.17895699    
   20725.0000      -4.30215931    
   20737.5000      -4.42942572    
   20750.0000      -4.56132889    
   20762.5000      -4.69485855    
   20775.0000      -4.82508326    
   20787.5000      -4.95251226    
   20800.0000      -5.08046150    
   20812.5000      -5.21125078    
   20825.0000      -5.34719467    
   20837.5000      -5.48606730    
   20850.0000      -5.62270069    
   20862.5000      -5.75705719    
   20875.0000      -5.89102888    
   20887.5000      -6.02630949    
   20900.0000      -6.16743755    
   20912.5000      -6.31369972    
   20925.0000      -6.45739985    
   20937.5000      -6.59661436    
   20950.0000      -6.73495293    
   20962.5000      -6.87455797    
   20975.0000      -7.01916313    
   20987.5000      -7.16973209    
   21000.0000      -7.31857491    
   21012.5000      -7.46080732    
   21025.0000      -7.60068798    
   21037.5000      -7.74300289    
   21050.0000      -7.88988543    
   21062.5000      -8.04001808    
   21075.0000      -8.18637848    
   21087.5000      -8.32467079    
   21100.0000      -8.45992661    
   21112.5000      -8.59793377    
   21125.0000      -8.73837376    
   21137.5000      -8.87682533    
   21150.0000      -9.00699234    
   21162.5000      -9.12621498    
   21175.0000      -9.23984909    
   21187.5000      -9.35278130    
   21200.0000      -9.46135521    
   21212.5000      -9.55835438    
   21225.0000      -9.63870144    
   21237.5000      -9.70156479    
   21250.0000      -9.75089836    
   21262.5000      -9.78770828    
   21275.0000      -9.80439091    
   21287.5000      -9.79270172    
   21300.0000      -9.74950027    
   21312.5000      -9.67306995    
   21325.0000      -9.56218529    
   21337.5000      -9.41429806    
   21350.0000      -9.22007942    
   21362.5000      -8.96842289    
   21375.0000      -8.65478134    
   21387.5000      -8.27698517    
   21400.0000      -7.83002520    
   21412.5000      -7.30570126    
   21425.0000      -6.69122744    
   21437.5000      -5.97473431    
   21450.0000      -5.15161705    
   21462.5000      -4.21786976    
   21475.0000      -3.16364622    
   21487.5000      -1.97629333    
   21500.0000     -0.643552482    
   21512.5000      0.843910933    
   21525.0000       2.49084330    
   21537.5000       4.30261564    
   21550.0000       6.29073906    
   21562.5000       8.46801376    
   21575.0000       10.8408489    
   21587.5000       13.4102001    
   21600.0000       16.1771679    
   21612.5000       19.1466770    
   21625.0000       22.3254509    
   21637.5000       25.7142773    
   21650.0000       29.3059349    
   21662.5000       33.0919647    
   21675.0000       37.0665932    
   21687.5000       41.2243843    
   21700.0000       45.5557213    
   21712.5000       50.0434494    
   21725.0000       54.6649017    
   21737.5000       59.3988419    
   21750.0000       64.2278671    
   21762.5000       69.1297913    
   21775.0000       74.0719147    
   21787.5000       79.0192871    
   21800.0000       83.9401855    
   21812.5000       88.8029556    
   21825.0000       93.5744019    
   21837.5000       98.2159576    
   21850.0000       102.683853    
   21862.5000       106.938705    
   21875.0000       110.946938    
   21887.5000       114.672585    
   21900.0000       118.077209    
   21912.5000       121.122650    
   21925.0000       123.773834    
   21937.5000       126.003777    
   21950.0000       127.789459    
   21962.5000       129.104401    
   21975.0000       129.925140    
   21987.5000       130.237244    
   22000.0000       130.031631    
   22012.5000       129.304321    
