  -987.500000       0.00000000    
  -975.000000       0.00000000    
  -962.500000       0.00000000    
  -950.000000       0.00000000    
  -937.500000       0.00000000    
  -925.000000       0.00000000    
  -912.500000       0.00000000    
  -900.000000       0.00000000    
  -887.500000       0.00000000    
  -875.000000       0.00000000    
  -862.500000       0.00000000    
  -850.000000       0.00000000    
  -837.500000       0.00000000    
  -825.000000       0.00000000    
  -812.500000       0.00000000    
  -800.000000       0.00000000    
  -787.500000       0.00000000    
  -775.000000       0.00000000    
  -762.500000       0.00000000    
  -750.000000       0.00000000    
  -737.500000       0.00000000    
  -725.000000       0.00000000    
  -712.500000       0.00000000    
  -700.000000       0.00000000    
  -687.500000       0.00000000    
  -675.000000       0.00000000    
  -662.500000       0.00000000    
  -650.000000       0.00000000    
  -637.500000       0.00000000    
  -625.000000       0.00000000    
  -612.500000       0.00000000    
  -600.000000       0.00000000    
  -587.500000       0.00000000    
  -575.000000       0.00000000    
  -562.500000       0.00000000    
  -550.000000       0.00000000    
  -537.500000       0.00000000    
  -525.000000       0.00000000    
  -512.500000       0.00000000    
  -500.000000       0.00000000    
  -487.500000       0.00000000    
  -475.000000       0.00000000    
  -462.500000       0.00000000    
  -450.000000       0.00000000    
  -437.500000       0.00000000    
  -425.000000       0.00000000    
  -412.500000       0.00000000    
  -400.000000       0.00000000    
  -387.500000       0.00000000    
  -375.000000       0.00000000    
  -362.500000       0.00000000    
  -350.000000       0.00000000    
  -337.500000       0.00000000    
  -325.000000       0.00000000    
  -312.500000       0.00000000    
  -300.000000       0.00000000    
  -287.500000       0.00000000    
  -275.000000       0.00000000    
  -262.500000       0.00000000    
  -250.000000       0.00000000    
  -237.500000       0.00000000    
  -225.000000       0.00000000    
  -212.500000       0.00000000    
  -200.000000       0.00000000    
  -187.500000       0.00000000    
  -175.000000       0.00000000    
  -162.500000       0.00000000    
  -150.000000       0.00000000    
  -137.500000       0.00000000    
  -125.000000       0.00000000    
  -112.500000       0.00000000    
  -100.000000       0.00000000    
  -87.5000000       0.00000000    
  -75.0000000       0.00000000    
  -62.5000000       0.00000000    
  -50.0000000       0.00000000    
  -37.5000000       0.00000000    
  -25.0000000       0.00000000    
  -12.5000000       0.00000000    
   0.00000000       0.00000000    
   12.5000000       0.00000000    
   25.0000000       0.00000000    
   37.5000000       0.00000000    
   50.0000000       0.00000000    
   62.5000000       0.00000000    
   75.0000000       0.00000000    
   87.5000000       0.00000000    
   100.000000       0.00000000    
   112.500000       0.00000000    
   125.000000       0.00000000    
   137.500000       0.00000000    
   150.000000       0.00000000    
   162.500000       0.00000000    
   175.000000       0.00000000    
   187.500000       0.00000000    
   200.000000       0.00000000    
   212.500000       0.00000000    
   225.000000       0.00000000    
   237.500000       0.00000000    
   250.000000       0.00000000    
   262.500000       0.00000000    
   275.000000       0.00000000    
   287.500000       0.00000000    
   300.000000       0.00000000    
   312.500000       0.00000000    
   325.000000       0.00000000    
   337.500000       0.00000000    
   350.000000       0.00000000    
   362.500000       0.00000000    
   375.000000       0.00000000    
   387.500000       0.00000000    
   400.000000       0.00000000    
   412.500000       0.00000000    
   425.000000       0.00000000    
   437.500000       0.00000000    
   450.000000       0.00000000    
   462.500000       0.00000000    
   475.000000       0.00000000    
   487.500000       0.00000000    
   500.000000       0.00000000    
   512.500000       0.00000000    
   525.000000       0.00000000    
   537.500000       0.00000000    
   550.000000       0.00000000    
   562.500000       0.00000000    
   575.000000       0.00000000    
   587.500000       0.00000000    
   600.000000       0.00000000    
   612.500000       0.00000000    
   625.000000       0.00000000    
   637.500000       0.00000000    
   650.000000       0.00000000    
   662.500000       0.00000000    
   675.000000       0.00000000    
   687.500000       0.00000000    
   700.000000       0.00000000    
   712.500000       0.00000000    
   725.000000       0.00000000    
   737.500000       0.00000000    
   750.000000       0.00000000    
   762.500000       0.00000000    
   775.000000       0.00000000    
   787.500000       0.00000000    
   800.000000       0.00000000    
   812.500000       0.00000000    
   825.000000       0.00000000    
   837.500000       0.00000000    
   850.000000       0.00000000    
   862.500000       0.00000000    
   875.000000       0.00000000    
   887.500000       0.00000000    
   900.000000       0.00000000    
   912.500000       0.00000000    
   925.000000       0.00000000    
   937.500000       0.00000000    
   950.000000       0.00000000    
   962.500000       0.00000000    
   975.000000       0.00000000    
   987.500000       0.00000000    
   1000.00000       0.00000000    
   1012.50000       0.00000000    
   1025.00000       0.00000000    
   1037.50000       0.00000000    
   1050.00000       0.00000000    
   1062.50000       0.00000000    
   1075.00000       0.00000000    
   1087.50000       0.00000000    
   1100.00000       0.00000000    
   1112.50000       0.00000000    
   1125.00000       0.00000000    
   1137.50000       0.00000000    
   1150.00000       0.00000000    
   1162.50000       0.00000000    
   1175.00000       0.00000000    
   1187.50000       0.00000000    
   1200.00000       0.00000000    
   1212.50000       0.00000000    
   1225.00000       0.00000000    
   1237.50000       0.00000000    
   1250.00000       0.00000000    
   1262.50000       0.00000000    
   1275.00000       0.00000000    
   1287.50000       0.00000000    
   1300.00000       0.00000000    
   1312.50000       0.00000000    
   1325.00000       0.00000000    
   1337.50000       0.00000000    
   1350.00000       0.00000000    
   1362.50000       0.00000000    
   1375.00000       0.00000000    
   1387.50000       0.00000000    
   1400.00000       0.00000000    
   1412.50000       0.00000000    
   1425.00000       0.00000000    
   1437.50000       0.00000000    
   1450.00000       0.00000000    
   1462.50000       0.00000000    
   1475.00000       0.00000000    
   1487.50000       0.00000000    
   1500.00000       0.00000000    
   1512.50000       0.00000000    
   1525.00000       0.00000000    
   1537.50000       0.00000000    
   1550.00000       0.00000000    
   1562.50000       0.00000000    
   1575.00000       0.00000000    
   1587.50000       0.00000000    
   1600.00000       0.00000000    
   1612.50000       0.00000000    
   1625.00000       0.00000000    
   1637.50000       0.00000000    
   1650.00000       0.00000000    
   1662.50000       0.00000000    
   1675.00000       0.00000000    
   1687.50000       0.00000000    
   1700.00000       0.00000000    
   1712.50000       0.00000000    
   1725.00000       0.00000000    
   1737.50000       0.00000000    
   1750.00000       0.00000000    
   1762.50000       0.00000000    
   1775.00000       0.00000000    
   1787.50000       0.00000000    
   1800.00000       0.00000000    
   1812.50000       0.00000000    
   1825.00000       0.00000000    
   1837.50000       0.00000000    
   1850.00000       0.00000000    
   1862.50000       0.00000000    
   1875.00000       0.00000000    
   1887.50000       0.00000000    
   1900.00000       0.00000000    
   1912.50000       0.00000000    
   1925.00000       0.00000000    
   1937.50000       0.00000000    
   1950.00000       0.00000000    
   1962.50000       0.00000000    
   1975.00000       0.00000000    
   1987.50000       0.00000000    
   2000.00000       0.00000000    
   2012.50000       0.00000000    
   2025.00000       0.00000000    
   2037.50000       0.00000000    
   2050.00000       0.00000000    
   2062.50000       0.00000000    
   2075.00000       0.00000000    
   2087.50000       0.00000000    
   2100.00000       0.00000000    
   2112.50000       0.00000000    
   2125.00000       0.00000000    
   2137.50000       0.00000000    
   2150.00000       0.00000000    
   2162.50000       0.00000000    
   2175.00000       0.00000000    
   2187.50000       0.00000000    
   2200.00000       0.00000000    
   2212.50000       0.00000000    
   2225.00000       0.00000000    
   2237.50000       0.00000000    
   2250.00000       0.00000000    
   2262.50000       0.00000000    
   2275.00000       0.00000000    
   2287.50000       0.00000000    
   2300.00000       0.00000000    
   2312.50000       0.00000000    
   2325.00000       0.00000000    
   2337.50000       0.00000000    
   2350.00000       1.68912517E-41
   2362.50000       5.06737551E-41
   2375.00000       8.44562584E-41
   2387.50000       1.11481701E-40
   2400.00000       1.48641333E-40
   2412.50000       1.85800966E-40
   2425.00000       1.92556626E-40
   2437.50000       2.39851850E-40
   2450.00000       3.27686639E-40
   2462.50000       4.05387238E-40
   2475.00000       4.99979088E-40
   2487.50000       7.26322421E-40
   2500.00000       1.47967169E-39
   2512.50000       4.09443436E-39
   2525.00000       1.31346227E-38
   2537.50000       4.48833880E-38
   2550.00000       1.55801363E-37
   2562.50000       5.38627651E-37
   2575.00000       1.84595517E-36
   2587.50000       6.26580676E-36
   2600.00000       2.10621841E-35
   2612.50000       7.01133306E-35
   2625.00000       2.31136146E-34
   2637.50000       7.54589221E-34
   2650.00000       2.43969977E-33
   2662.50000       7.81184909E-33
   2675.00000       2.47725913E-32
   2687.50000       7.78032028E-32
   2700.00000       2.42013551E-31
   2712.50000       7.45599046E-31
   2725.00000       2.27510029E-30
   2737.50000       6.87592274E-30
   2750.00000       2.05826631E-29
   2762.50000       6.10262801E-29
   2775.00000       1.79217604E-28
   2787.50000       5.21311391E-28
   2800.00000       1.50200118E-27
   2812.50000       4.28650992E-27
   2825.00000       1.21171939E-26
   2837.50000       3.39288582E-26
   2850.00000       9.41044500E-26
   2862.50000       2.58541002E-25
   2875.00000       7.03609989E-25
   2887.50000       1.89680520E-24
   2900.00000       5.06532005E-24
   2912.50000       1.33995330E-23
   2925.00000       3.51136472E-23
   2937.50000       9.11529849E-23
   2950.00000       2.34411949E-22
   2962.50000       5.97183003E-22
   2975.00000       1.50715862E-21
   2987.50000       3.76824551E-21
   3000.00000       9.33368147E-21
   3012.50000       2.29036683E-20
   3025.00000       5.56800990E-20
   3037.50000       1.34104175E-19
   3050.00000       3.19989805E-19
   3062.50000       7.56459617E-19
   3075.00000       1.77171954E-18
   3087.50000       4.11118856E-18
   3100.00000       9.45162293E-18
   3112.50000       2.15285997E-17
   3125.00000       4.85845393E-17
   3137.50000       1.08631658E-16
   3150.00000       2.40654183E-16
   3162.50000       5.28215834E-16
   3175.00000       1.14871601E-15
   3187.50000       2.47513742E-15
   3200.00000       5.28412737E-15
   3212.50000       1.11772960E-14
   3225.00000       2.34256533E-14
   3237.50000       4.86452614E-14
   3250.00000       1.00088876E-13
   3262.50000       2.04046984E-13
   3275.00000       4.12170569E-13
   3287.50000       8.24954471E-13
   3300.00000       1.63603679E-12
   3312.50000       3.21492355E-12
   3325.00000       6.25990232E-12
   3337.50000       1.20778283E-11
   3350.00000       2.30908279E-11
   3362.50000       4.37446745E-11
   3375.00000       8.21204771E-11
   3387.50000       1.52765023E-10
   3400.00000       2.81610180E-10
   3412.50000       5.14435161E-10
   3425.00000       9.31273059E-10
   3437.50000       1.67068293E-09
   3450.00000       2.97021852E-09
   3462.50000       5.23320187E-09
   3475.00000       9.13773857E-09
   3487.50000       1.58128888E-08
   3500.00000       2.71202332E-08
   3512.50000       4.60994087E-08
   3525.00000       7.76653764E-08
   3537.50000       1.29688530E-07
   3550.00000       2.14649575E-07
   3562.50000       3.52149300E-07
   3575.00000       5.72673798E-07
   3587.50000       9.23183109E-07
   3600.00000       1.47532478E-06
   3612.50000       2.33736750E-06
   3625.00000       3.67137341E-06
   3637.50000       5.71764440E-06
   3650.00000       8.82917629E-06
   3662.50000       1.35196969E-05
   3675.00000       2.05300330E-05
   3687.50000       3.09187817E-05
   3700.00000       4.61850723E-05
   3712.50000       6.84331681E-05
   3725.00000       1.00590958E-04
   3737.50000       1.46697421E-04
   3750.00000       2.12277228E-04
   3762.50000       3.04825546E-04
   3775.00000       4.34428250E-04
   3787.50000       6.14551362E-04
   3800.00000       8.63037829E-04
   3812.50000       1.20335526E-03
   3825.00000       1.66614878E-03
   3837.50000       2.29116715E-03
   3850.00000       3.12962569E-03
   3862.50000       4.24711220E-03
   3875.00000       5.72711043E-03
   3887.50000       7.67529290E-03
   3900.00000       1.02247261E-02
   3912.50000       1.35420868E-02
   3925.00000       1.78352334E-02
   3937.50000       2.33621709E-02
   3950.00000       3.04418132E-02
   3962.50000       3.94668132E-02
   3975.00000       5.09188101E-02
   3987.50000       6.53863251E-02
   4000.00000       8.35858658E-02
   4012.50000      0.106387287    
   4025.00000      0.134842113    
   4037.50000      0.170217931    
   4050.00000      0.214037359    
   4062.50000      0.268123031    
   4075.00000      0.334649175    
   4087.50000      0.416200191    
   4100.00000      0.515837073    
   4112.50000      0.637172461    
   4125.00000      0.784452617    
   4137.50000      0.962650180    
   4150.00000       1.17756689    
   4162.50000       1.43594229    
   4175.00000       1.74557209    
   4187.50000       2.11544132    
   4200.00000       2.55585241    
   4212.50000       3.07857585    
   4225.00000       3.69699502    
   4237.50000       4.42625046    
   4250.00000       5.28340101    
   4262.50000       6.28757381    
   4275.00000       7.46007919    
   4287.50000       8.82458973    
   4300.00000       10.4072132    
   4312.50000       12.2366028    
   4325.00000       14.3440504    
   4337.50000       16.7634563    
   4350.00000       19.5313892    
   4362.50000       22.6869469    
   4375.00000       26.2717514    
   4387.50000       30.3296432    
   4400.00000       34.9065285    
   4412.50000       40.0499840    
   4425.00000       45.8087120    
   4437.50000       52.2323418    
   4450.00000       59.3705025    
   4462.50000       67.2721024    
   4475.00000       75.9847946    
   4487.50000       85.5536346    
   4500.00000       96.0204239    
   4512.50000       107.422272    
   4525.00000       119.790482    
   4537.50000       133.149384    
   4550.00000       147.514725    
   4562.50000       162.892822    
   4575.00000       179.278397    
   4587.50000       196.654099    
   4600.00000       214.988205    
   4612.50000       234.233978    
   4625.00000       254.329208    
   4637.50000       275.193085    
   4650.00000       296.728058    
   4662.50000       318.817993    
   4675.00000       341.326935    
   4687.50000       364.101929    
   4700.00000       386.969757    
   4712.50000       409.740295    
   4725.00000       432.208801    
   4737.50000       454.151306    
   4750.00000       475.334167    
   4762.50000       495.512878    
   4775.00000       514.431824    
   4787.50000       531.833984    
   4800.00000       547.457520    
   4812.50000       561.043762    
   4825.00000       572.341553    
   4837.50000       581.106140    
   4850.00000       587.109497    
   4862.50000       590.141541    
   4875.00000       590.011719    
   4887.50000       586.558960    
   4900.00000       579.652527    
   4912.50000       569.193115    
   4925.00000       555.116638    
   4937.50000       537.401794    
   4950.00000       516.066284    
   4962.50000       491.167725    
   4975.00000       462.809570    
   4987.50000       431.137817    
   5000.00000       396.337616    
   5012.50000       358.636780    
   5025.00000       318.300354    
   5037.50000       275.629669    
   5050.00000       230.956100    
   5062.50000       184.635941    
   5075.00000       137.051697    
   5087.50000       88.6023712    
   5100.00000       39.6966362    
   5112.50000      -9.24868679    
   5125.00000      -57.8192520    
   5137.50000      -105.605186    
   5150.00000      -152.206940    
   5162.50000      -197.244598    
   5175.00000      -240.359619    
   5187.50000      -281.219696    
   5200.00000      -319.523285    
   5212.50000      -355.005127    
   5225.00000      -387.437622    
   5237.50000      -416.631165    
   5250.00000      -442.438385    
   5262.50000      -464.755981    
   5275.00000      -483.521149    
   5287.50000      -498.711823    
   5300.00000      -510.348541    
   5312.50000      -518.492432    
   5325.00000      -523.239624    
   5337.50000      -524.719604    
   5350.00000      -523.098267    
   5362.50000      -518.565918    
   5375.00000      -511.335907    
   5387.50000      -501.641235    
   5400.00000      -489.723907    
   5412.50000      -475.832947    
   5425.00000      -460.215851    
   5437.50000      -443.118042    
   5450.00000      -424.784027    
   5462.50000      -405.450043    
   5475.00000      -385.351746    
   5487.50000      -364.725006    
   5500.00000      -343.791687    
   5512.50000      -322.761383    
   5525.00000      -301.822327    
   5537.50000      -281.134369    
   5550.00000      -260.835815    
   5562.50000      -241.043716    
   5575.00000      -221.866348    
   5587.50000      -203.405624    
   5600.00000      -185.747971    
   5612.50000      -168.961609    
   5625.00000      -153.085770    
   5637.50000      -138.135040    
   5650.00000      -124.114342    
   5662.50000      -111.025307    
   5675.00000      -98.8708420    
   5687.50000      -87.6467285    
   5700.00000      -77.3316269    
   5712.50000      -67.8865814    
   5725.00000      -59.2637405    
   5737.50000      -51.4211693    
   5750.00000      -44.3200455    
   5762.50000      -37.9210129    
   5775.00000      -32.1774902    
   5787.50000      -27.0296669    
   5800.00000      -22.4256287    
   5812.50000      -18.3269062    
   5825.00000      -14.6984520    
   5837.50000      -11.5002041    
   5850.00000      -8.67463970    
   5862.50000      -6.16648817    
   5875.00000      -3.94255471    
   5887.50000      -1.98500383    
   5900.00000     -0.280274302    
   5912.50000       1.19840181    
   5925.00000       2.48032403    
   5937.50000       3.57314944    
   5950.00000       4.46249723    
   5962.50000       5.12269449    
   5975.00000       5.54305267    
   5987.50000       5.73439503    
   6000.00000       5.71584415    
   6012.50000       5.52571058    
   6025.00000       5.23411846    
   6037.50000       4.94411373    
   6050.00000       4.76228285    
   6062.50000       4.74587727    
   6075.00000       4.88192415    
   6087.50000       5.10120058    
   6100.00000       5.31557131    
   6112.50000       5.44656181    
   6125.00000       5.44521046    
   6137.50000       5.33074570    
   6150.00000       5.18904400    
   6162.50000       5.12313795    
   6175.00000       5.18841743    
   6187.50000       5.34482288    
   6200.00000       5.49612713    
   6212.50000       5.56150198    
   6225.00000       5.51946068    
   6237.50000       5.42632484    
   6250.00000       5.37328863    
   6262.50000       5.42325592    
   6275.00000       5.55882168    
   6287.50000       5.67737627    
   6300.00000       5.69042873    
   6312.50000       5.61270761    
   6325.00000       5.54618549    
   6337.50000       5.57985115    
   6350.00000       5.69063711    
   6362.50000       5.77918863    
   6375.00000       5.78080702    
   6387.50000       5.71966696    
   6400.00000       5.68121481    
   6412.50000       5.72022295    
   6425.00000       5.80873156    
   6437.50000       5.86801195    
   6450.00000       5.84587336    
   6462.50000       5.78535700    
   6475.00000       5.77843857    
   6487.50000       5.85180950    
   6500.00000       5.93137169    
   6512.50000       5.93009090    
   6525.00000       5.87142754    
   6537.50000       5.85770798    
   6550.00000       5.92334175    
   6562.50000       5.99605036    
   6575.00000       5.99725533    
   6587.50000       5.95229053    
   6600.00000       5.95053625    
   6612.50000       6.01025534    
   6625.00000       6.06636524    
   6637.50000       6.06767941    
   6650.00000       6.04162073    
   6662.50000       6.05142736    
   6675.00000       6.10340929    
   6687.50000       6.14800119    
   6700.00000       6.15108538    
   6712.50000       6.13626814    
   6725.00000       6.15390253    
   6737.50000       6.20381975    
   6750.00000       6.23841572    
   6762.50000       6.23651218    
   6775.00000       6.23016882    
   6787.50000       6.25892973    
   6800.00000       6.30674839    
   6812.50000       6.32744265    
   6825.00000       6.31974936    
   6837.50000       6.32375240    
   6850.00000       6.36105442    
   6862.50000       6.40048695    
   6875.00000       6.40527344    
   6887.50000       6.39631557    
   6900.00000       6.41537571    
   6912.50000       6.45831823    
   6925.00000       6.48280621    
   6937.50000       6.47507858    
   6950.00000       6.47808075    
   6962.50000       6.51798868    
   6975.00000       6.55520678    
   6987.50000       6.55350733    
   7000.00000       6.54476786    
   7012.50000       6.57524824    
   7025.00000       6.62065363    
   7037.50000       6.62879038    
   7050.00000       6.61753082    
   7062.50000       6.64248323    
   7075.00000       6.69268656    
   7087.50000       6.70840883    
   7100.00000       6.69579411    
   7112.50000       6.71602154    
   7125.00000       6.76641273    
   7137.50000       6.78881931    
   7150.00000       6.78002739    
   7162.50000       6.79687691    
   7175.00000       6.84657288    
   7187.50000       6.87080669    
   7200.00000       6.86487484    
   7212.50000       6.88370800    
   7225.00000       6.93093300    
   7237.50000       6.95875597    
   7250.00000       6.95726395    
   7262.50000       6.97234154    
   7275.00000       7.01727390    
   7287.50000       7.04529762    
   7300.00000       7.04816914    
   7312.50000       7.06687975    
   7325.00000       7.10699844    
   7337.50000       7.13441467    
   7350.00000       7.13967276    
   7362.50000       7.15820599    
   7375.00000       7.19855833    
   7387.50000       7.22293472    
   7400.00000       7.22947502    
   7412.50000       7.25047445    
   7425.00000       7.28692341    
   7437.50000       7.31143904    
   7450.00000       7.31973743    
   7462.50000       7.34184742    
   7475.00000       7.37867165    
   7487.50000       7.40059662    
   7500.00000       7.41303205    
   7512.50000       7.43764687    
   7525.00000       7.46967316    
   7537.50000       7.49147129    
   7550.00000       7.50642920    
   7562.50000       7.53486204    
   7575.00000       7.56771135    
   7587.50000       7.58671665    
   7600.00000       7.60534716    
   7612.50000       7.63520718    
   7625.00000       7.66641903    
   7637.50000       7.68799210    
   7650.00000       7.70725012    
   7662.50000       7.73813486    
   7675.00000       7.76960468    
   7687.50000       7.79043770    
   7700.00000       7.81262779    
   7712.50000       7.84225273    
   7725.00000       7.87140036    
   7737.50000       7.89398623    
   7750.00000       7.91652060    
   7762.50000       7.94576263    
   7775.00000       7.97297716    
   7787.50000       7.99384785    
   7800.00000       8.01670361    
   7812.50000       8.04431152    
   7825.00000       8.06921101    
   7837.50000       8.08852863    
   7850.00000       8.11117363    
   7862.50000       8.13726711    
   7875.00000       8.15869713    
   7887.50000       8.17796040    
   7900.00000       8.19962788    
   7912.50000       8.22317600    
   7925.00000       8.24355412    
   7937.50000       8.26038265    
   7950.00000       8.28247166    
   7962.50000       8.30606937    
   7975.00000       8.32306576    
   7987.50000       8.34000587    
   8000.00000       8.36251450    
   8012.50000       8.38589001    
   8025.00000       8.40309334    
   8037.50000       8.41984749    
   8050.00000       8.44439507    
   8062.50000       8.46677780    
   8075.00000       8.48303318    
   8087.50000       8.50408649    
   8100.00000       8.53009510    
   8112.50000       8.55162907    
   8125.00000       8.56972790    
   8137.50000       8.59521103    
   8150.00000       8.62220097    
   8162.50000       8.64083672    
   8175.00000       8.66478252    
   8187.50000       8.69598484    
   8200.00000       8.71872044    
   8212.50000       8.73867416    
   8225.00000       8.76911545    
   8237.50000       8.80075073    
   8250.00000       8.82075977    
   8262.50000       8.84476566    
   8275.00000       8.88230324    
   8287.50000       8.90975761    
   8300.00000       8.92924404    
   8312.50000       8.96379566    
   8325.00000       8.99973297    
   8337.50000       9.02213383    
   8350.00000       9.04837608    
   8362.50000       9.08670425    
   8375.00000       9.11770821    
   8387.50000       9.13964176    
   8400.00000       9.17376709    
   8412.50000       9.21055984    
   8425.00000       9.23485565    
   8437.50000       9.26442528    
   8450.00000       9.30218506    
   8462.50000       9.33193588    
   8475.00000       9.35818195    
   8487.50000       9.39254856    
   8500.00000       9.42699337    
   8512.50000       9.45278072    
   8525.00000       9.48355293    
   8537.50000       9.52020550    
   8550.00000       9.54762363    
   8562.50000       9.57632637    
   8575.00000       9.61221790    
   8587.50000       9.64102554    
   8600.00000       9.66750526    
   8612.50000       9.70141888    
   8625.00000       9.73398972    
   8637.50000       9.75943184    
   8650.00000       9.78915119    
   8662.50000       9.82442760    
   8675.00000       9.85096550    
   8687.50000       9.87682533    
   8700.00000       9.91222095    
   8712.50000       9.94280910    
   8725.00000       9.96794319    
   8737.50000       9.99912357    
   8750.00000       10.0318375    
   8762.50000       10.0590773    
   8775.00000       10.0863733    
   8787.50000       10.1184158    
   8800.00000       10.1469622    
   8812.50000       10.1726837    
   8825.00000       10.2033091    
   8837.50000       10.2320623    
   8850.00000       10.2594891    
   8862.50000       10.2912693    
   8875.00000       10.3208923    
   8887.50000       10.3488588    
   8900.00000       10.3796568    
   8912.50000       10.4101114    
   8925.00000       10.4375887    
   8937.50000       10.4655418    
   8950.00000       10.4972582    
   8962.50000       10.5266285    
   8975.00000       10.5543461    
   8987.50000       10.5871334    
   9000.00000       10.6177940    
   9012.50000       10.6449585    
   9025.00000       10.6758213    
   9037.50000       10.7068348    
   9050.00000       10.7358208    
   9062.50000       10.7667799    
   9075.00000       10.7985563    
   9087.50000       10.8277216    
   9100.00000       10.8582277    
   9112.50000       10.8913364    
   9125.00000       10.9202080    
   9137.50000       10.9494743    
   9150.00000       10.9837389    
   9162.50000       11.0146599    
   9175.00000       11.0434055    
   9187.50000       11.0758038    
   9200.00000       11.1083708    
   9212.50000       11.1374912    
   9225.00000       11.1676016    
   9237.50000       11.2024603    
   9250.00000       11.2333021    
   9262.50000       11.2609711    
   9275.00000       11.2949247    
   9287.50000       11.3273602    
   9300.00000       11.3568296    
   9312.50000       11.3897324    
   9325.00000       11.4217567    
   9337.50000       11.4531212    
   9350.00000       11.4848385    
   9362.50000       11.5167179    
   9375.00000       11.5500145    
   9387.50000       11.5815935    
   9400.00000       11.6139116    
   9412.50000       11.6472692    
   9425.00000       11.6796436    
   9437.50000       11.7141056    
   9450.00000       11.7470026    
   9462.50000       11.7797556    
   9475.00000       11.8161125    
   9487.50000       11.8503075    
   9500.00000       11.8845873    
   9512.50000       11.9217234    
   9525.00000       11.9576654    
   9537.50000       11.9928217    
   9550.00000       12.0298166    
   9562.50000       12.0690813    
   9575.00000       12.1063614    
   9587.50000       12.1432819    
   9600.00000       12.1845093    
   9612.50000       12.2241154    
   9625.00000       12.2623568    
   9637.50000       12.3031397    
   9650.00000       12.3433905    
   9662.50000       12.3844585    
   9675.00000       12.4260426    
   9687.50000       12.4668407    
   9700.00000       12.5085144    
   9712.50000       12.5498562    
   9725.00000       12.5918331    
   9737.50000       12.6340637    
   9750.00000       12.6754408    
   9762.50000       12.7171860    
   9775.00000       12.7587490    
   9787.50000       12.8014441    
   9800.00000       12.8430166    
   9812.50000       12.8823280    
   9825.00000       12.9244776    
   9837.50000       12.9663372    
   9850.00000       13.0056753    
   9862.50000       13.0464344    
   9875.00000       13.0874290    
   9887.50000       13.1268406    
   9900.00000       13.1657066    
   9912.50000       13.2059441    
   9925.00000       13.2453413    
   9937.50000       13.2828684    
   9950.00000       13.3230267    
   9962.50000       13.3616667    
   9975.00000       13.3978033    
   9987.50000       13.4376469    
   10000.0000       13.4762192    
   10012.5000       13.5121956    
   10025.0000       13.5504446    
   10037.5000       13.5889025    
   10050.0000       13.6256895    
   10062.5000       13.6623392    
   10075.0000       13.7016335    
   10087.5000       13.7397890    
   10100.0000       13.7747698    
   10112.5000       13.8137493    
   10125.0000       13.8528137    
   10137.5000       13.8886118    
   10150.0000       13.9272528    
   10162.5000       13.9653778    
   10175.0000       14.0020542    
   10187.5000       14.0408792    
   10200.0000       14.0794973    
   10212.5000       14.1172266    
   10225.0000       14.1551466    
   10237.5000       14.1946087    
   10250.0000       14.2334490    
   10262.5000       14.2707405    
   10275.0000       14.3108883    
   10287.5000       14.3501787    
   10300.0000       14.3879023    
   10312.5000       14.4290009    
   10325.0000       14.4686651    
   10337.5000       14.5071554    
   10350.0000       14.5489893    
   10362.5000       14.5897818    
   10375.0000       14.6284723    
   10387.5000       14.6700773    
   10400.0000       14.7136450    
   10412.5000       14.7538376    
   10425.0000       14.7948608    
   10437.5000       14.8400650    
   10450.0000       14.8824291    
   10462.5000       14.9244680    
   10475.0000       14.9701195    
   10487.5000       15.0142174    
   10500.0000       15.0583935    
   10512.5000       15.1048489    
   10525.0000       15.1511765    
   10537.5000       15.1968174    
   10550.0000       15.2436638    
   10562.5000       15.2928696    
   10575.0000       15.3401260    
   10587.5000       15.3878183    
   10600.0000       15.4390869    
   10612.5000       15.4872971    
   10625.0000       15.5360193    
   10637.5000       15.5884666    
   10650.0000       15.6384668    
   10662.5000       15.6885481    
   10675.0000       15.7403765    
   10687.5000       15.7919912    
   10700.0000       15.8433437    
   10712.5000       15.8943748    
   10725.0000       15.9470940    
   10737.5000       15.9987421    
   10750.0000       16.0496712    
   10762.5000       16.1026020    
   10775.0000       16.1531086    
   10787.5000       16.2039280    
   10800.0000       16.2565308    
   10812.5000       16.3070316    
   10825.0000       16.3581295    
   10837.5000       16.4087925    
   10850.0000       16.4590359    
   10862.5000       16.5102654    
   10875.0000       16.5593395    
   10887.5000       16.6091232    
   10900.0000       16.6597290    
   10912.5000       16.7085838    
   10925.0000       16.7578697    
   10937.5000       16.8073845    
   10950.0000       16.8569355    
   10962.5000       16.9051895    
   10975.0000       16.9534168    
   10987.5000       17.0041809    
   11000.0000       17.0524082    
   11012.5000       17.1002140    
   11025.0000       17.1509647    
   11037.5000       17.1997852    
   11050.0000       17.2482815    
   11062.5000       17.2980347    
   11075.0000       17.3477745    
   11087.5000       17.3974285    
   11100.0000       17.4466019    
   11112.5000       17.4973068    
   11125.0000       17.5473423    
   11137.5000       17.5970497    
   11150.0000       17.6490154    
   11162.5000       17.6984177    
   11175.0000       17.7487183    
   11187.5000       17.8023186    
   11200.0000       17.8524342    
   11212.5000       17.9030342    
   11225.0000       17.9568768    
   11237.5000       18.0087528    
   11250.0000       18.0596809    
   11262.5000       18.1128502    
   11275.0000       18.1663570    
   11287.5000       18.2171822    
   11300.0000       18.2698708    
   11312.5000       18.3250027    
   11325.0000       18.3765011    
   11337.5000       18.4292622    
   11350.0000       18.4850731    
   11362.5000       18.5378571    
   11375.0000       18.5903492    
   11387.5000       18.6451397    
   11400.0000       18.6999168    
   11412.5000       18.7529697    
   11425.0000       18.8067055    
   11437.5000       18.8630238    
   11450.0000       18.9169312    
   11462.5000       18.9705830    
   11475.0000       19.0276470    
   11487.5000       19.0822372    
   11500.0000       19.1362572    
   11512.5000       19.1931057    
   11525.0000       19.2489223    
   11537.5000       19.3043041    
   11550.0000       19.3610382    
   11562.5000       19.4181805    
   11575.0000       19.4747562    
   11587.5000       19.5312386    
   11600.0000       19.5889606    
   11612.5000       19.6469212    
   11625.0000       19.7045135    
   11637.5000       19.7623882    
   11650.0000       19.8213940    
   11662.5000       19.8803234    
   11675.0000       19.9382381    
   11687.5000       19.9986134    
   11700.0000       20.0590649    
   11712.5000       20.1177292    
   11725.0000       20.1792946    
   11737.5000       20.2407303    
   11750.0000       20.3012772    
   11762.5000       20.3637104    
   11775.0000       20.4255829    
   11787.5000       20.4883137    
   11800.0000       20.5509987    
   11812.5000       20.6137867    
   11825.0000       20.6789227    
   11837.5000       20.7419434    
   11850.0000       20.8062706    
   11862.5000       20.8732014    
   11875.0000       20.9371147    
   11887.5000       21.0027027    
   11900.0000       21.0696163    
   11912.5000       21.1349583    
   11925.0000       21.2016430    
   11937.5000       21.2684002    
   11950.0000       21.3360596    
   11962.5000       21.4036255    
   11975.0000       21.4707775    
   11987.5000       21.5398788    
   12000.0000       21.6065960    
   12012.5000       21.6741848    
   12025.0000       21.7445755    
   12037.5000       21.8115406    
   12050.0000       21.8796101    
   12062.5000       21.9495754    
   12075.0000       22.0173855    
   12087.5000       22.0855770    
   12100.0000       22.1543484    
   12112.5000       22.2234516    
   12125.0000       22.2910328    
   12137.5000       22.3585682    
   12150.0000       22.4289417    
   12162.5000       22.4959736    
   12175.0000       22.5622501    
   12187.5000       22.6319084    
   12200.0000       22.6986656    
   12212.5000       22.7646542    
   12225.0000       22.8328114    
   12237.5000       22.9003983    
   12250.0000       22.9662704    
   12262.5000       23.0313969    
   12275.0000       23.0991058    
   12287.5000       23.1657467    
   12300.0000       23.2296524    
   12312.5000       23.2968102    
   12325.0000       23.3636303    
   12337.5000       23.4275360    
   12350.0000       23.4934845    
   12362.5000       23.5607929    
   12375.0000       23.6261444    
   12387.5000       23.6905804    
   12400.0000       23.7580242    
   12412.5000       23.8253651    
   12425.0000       23.8894234    
   12437.5000       23.9568901    
   12450.0000       24.0265579    
   12462.5000       24.0927048    
   12475.0000       24.1599388    
   12487.5000       24.2307606    
   12500.0000       24.3002224    
   12512.5000       24.3680363    
   12525.0000       24.4403629    
   12537.5000       24.5135345    
   12550.0000       24.5821075    
   12562.5000       24.6551075    
   12575.0000       24.7318516    
   12587.5000       24.8038006    
   12600.0000       24.8773441    
   12612.5000       24.9550858    
   12625.0000       25.0307350    
   12637.5000       25.1055851    
   12650.0000       25.1842155    
   12662.5000       25.2635517    
   12675.0000       25.3396816    
   12687.5000       25.4184074    
   12700.0000       25.4994678    
   12712.5000       25.5770836    
   12725.0000       25.6563339    
   12737.5000       25.7375069    
   12750.0000       25.8166103    
   12762.5000       25.8965530    
   12775.0000       25.9776096    
   12787.5000       26.0586567    
   12800.0000       26.1385040    
   12812.5000       26.2187195    
   12825.0000       26.3009338    
   12837.5000       26.3808765    
   12850.0000       26.4614029    
   12862.5000       26.5438557    
   12875.0000       26.6235104    
   12887.5000       26.7045212    
   12900.0000       26.7868786    
   12912.5000       26.8680496    
   12925.0000       26.9503078    
   12937.5000       27.0317974    
   12950.0000       27.1139431    
   12962.5000       27.1971397    
   12975.0000       27.2791328    
   12987.5000       27.3622494    
   13000.0000       27.4458694    
   13012.5000       27.5290356    
   13025.0000       27.6123714    
   13037.5000       27.6970634    
   13050.0000       27.7828503    
   13062.5000       27.8658848    
   13075.0000       27.9512272    
   13087.5000       28.0394878    
   13100.0000       28.1233425    
   13112.5000       28.2092991    
   13125.0000       28.2983131    
   13137.5000       28.3839016    
   13150.0000       28.4702854    
   13162.5000       28.5586624    
   13175.0000       28.6464424    
   13187.5000       28.7327499    
   13200.0000       28.8203506    
   13212.5000       28.9107304    
   13225.0000       28.9970245    
   13237.5000       29.0833588    
   13250.0000       29.1742020    
   13262.5000       29.2610435    
   13275.0000       29.3477821    
   13287.5000       29.4378624    
   13300.0000       29.5254154    
   13312.5000       29.6131248    
   13325.0000       29.7019024    
   13337.5000       29.7896519    
   13350.0000       29.8773708    
   13362.5000       29.9656467    
   13375.0000       30.0543766    
   13387.5000       30.1420021    
   13400.0000       30.2307854    
   13412.5000       30.3203545    
   13425.0000       30.4073906    
   13437.5000       30.4962997    
   13450.0000       30.5867901    
   13462.5000       30.6751881    
   13475.0000       30.7646503    
   13487.5000       30.8560257    
   13500.0000       30.9470425    
   13512.5000       31.0376053    
   13525.0000       31.1303101    
   13537.5000       31.2236309    
   13550.0000       31.3152504    
   13562.5000       31.4101219    
   13575.0000       31.5057793    
   13587.5000       31.5987968    
   13600.0000       31.6947918    
   13612.5000       31.7909355    
   13625.0000       31.8844299    
   13637.5000       31.9798508    
   13650.0000       32.0775375    
   13662.5000       32.1753731    
   13675.0000       32.2721863    
   13687.5000       32.3709259    
   13700.0000       32.4708061    
   13712.5000       32.5677643    
   13725.0000       32.6665802    
   13737.5000       32.7664413    
   13750.0000       32.8632545    
   13762.5000       32.9612923    
   13775.0000       33.0601578    
   13787.5000       33.1584053    
   13800.0000       33.2571831    
   13812.5000       33.3563728    
   13825.0000       33.4562798    
   13837.5000       33.5548859    
   13850.0000       33.6526833    
   13862.5000       33.7507401    
   13875.0000       33.8487625    
   13887.5000       33.9485893    
   13900.0000       34.0475616    
   13912.5000       34.1470566    
   13925.0000       34.2494164    
   13937.5000       34.3494034    
   13950.0000       34.4494629    
   13962.5000       34.5513916    
   13975.0000       34.6524582    
   13987.5000       34.7558517    
   14000.0000       34.8610954    
   14012.5000       34.9664574    
   14025.0000       35.0717201    
   14037.5000       35.1781693    
   14050.0000       35.2873306    
   14062.5000       35.3936195    
   14075.0000       35.5009766    
   14087.5000       35.6143761    
   14100.0000       35.7247505    
   14112.5000       35.8338394    
   14125.0000       35.9459534    
   14137.5000       36.0550156    
   14150.0000       36.1618576    
   14162.5000       36.2689857    
   14175.0000       36.3745422    
   14187.5000       36.4756546    
   14200.0000       36.5722847    
   14212.5000       36.6648636    
   14225.0000       36.7474365    
   14237.5000       36.8211708    
   14250.0000       36.8877220    
   14262.5000       36.9392395    
   14275.0000       36.9748878    
   14287.5000       36.9920158    
   14300.0000       36.9833946    
   14312.5000       36.9475060    
   14325.0000       36.8796806    
   14337.5000       36.7742538    
   14350.0000       36.6241379    
   14362.5000       36.4190483    
   14375.0000       36.1507797    
   14387.5000       35.8088760    
   14400.0000       35.3837357    
   14412.5000       34.8616104    
   14425.0000       34.2236481    
   14437.5000       33.4568901    
   14450.0000       32.5407791    
   14462.5000       31.4502983    
   14475.0000       30.1674423    
   14487.5000       28.6661034    
   14500.0000       26.9133434    
   14512.5000       24.8784294    
   14525.0000       22.5293713    
   14537.5000       19.8282337    
   14550.0000       16.7344360    
   14562.5000       13.2088537    
   14575.0000       9.20397282    
   14587.5000       4.67058706    
   14600.0000     -0.435567021    
   14612.5000      -6.16734695    
   14625.0000      -12.5773201    
   14637.5000      -19.7145882    
   14650.0000      -27.6338749    
   14662.5000      -36.3880196    
   14675.0000      -46.0261040    
   14687.5000      -56.5920792    
   14700.0000      -68.1286163    
   14712.5000      -80.6768188    
   14725.0000      -94.2670593    
   14737.5000      -108.925743    
   14750.0000      -124.666809    
   14762.5000      -141.490234    
   14775.0000      -159.394058    
   14787.5000      -178.358704    
   14800.0000      -198.347641    
   14812.5000      -219.313889    
   14825.0000      -241.186951    
   14837.5000      -263.881561    
   14850.0000      -287.297882    
   14862.5000      -311.314484    
   14875.0000      -335.788544    
   14887.5000      -360.556671    
   14900.0000      -385.444641    
   14912.5000      -410.255310    
   14925.0000      -434.771759    
   14937.5000      -458.771271    
   14950.0000      -482.007324    
   14962.5000      -504.225800    
   14975.0000      -525.174438    
   14987.5000      -544.583313    
   15000.0000      -562.182800    
   15012.5000      -577.713501    
   15025.0000      -590.915222    
   15037.5000      -601.536499    
   15050.0000      -609.346375    
   15062.5000      -614.133606    
   15075.0000      -615.701050    
   15087.5000      -613.879761    
   15100.0000      -608.541687    
   15112.5000      -599.585266    
   15125.0000      -586.940369    
   15137.5000      -570.585266    
   15150.0000      -550.536072    
   15162.5000      -526.849243    
   15175.0000      -499.629028    
   15187.5000      -469.017761    
   15200.0000      -435.201538    
   15212.5000      -398.406311    
   15225.0000      -358.895813    
   15237.5000      -316.974762    
   15250.0000      -272.974091    
   15262.5000      -227.247574    
   15275.0000      -180.176682    
   15287.5000      -132.161926    
   15300.0000      -83.6119461    
   15312.5000      -34.9402390    
   15325.0000       13.4360142    
   15337.5000       61.1083870    
   15350.0000       107.680069    
   15362.5000       152.766602    
   15375.0000       196.010101    
   15387.5000       237.083664    
   15400.0000       275.686615    
   15412.5000       311.548370    
   15425.0000       344.442841    
   15437.5000       374.186005    
   15450.0000       400.626556    
   15462.5000       423.660034    
   15475.0000       443.226959    
   15487.5000       459.303040    
   15500.0000       471.910126    
   15512.5000       481.108337    
   15525.0000       486.986267    
   15537.5000       489.673309    
   15550.0000       489.330841    
   15562.5000       486.142059    
   15575.0000       480.309937    
   15587.5000       472.059418    
   15600.0000       461.631714    
   15612.5000       449.266998    
   15625.0000       435.215302    
   15637.5000       419.730682    
   15650.0000       403.050812    
   15662.5000       385.415802    
   15675.0000       367.058441    
   15687.5000       348.188599    
   15700.0000       329.008514    
   15712.5000       309.710236    
   15725.0000       290.468933    
   15737.5000       271.442017    
   15750.0000       252.773254    
   15762.5000       234.594131    
   15775.0000       217.012161    
   15787.5000       200.119415    
   15800.0000       183.993790    
   15812.5000       168.679749    
   15825.0000       154.211716    
   15837.5000       140.620117    
   15850.0000       127.906097    
   15862.5000       116.062096    
   15875.0000       105.086929    
   15887.5000       94.9690781    
   15900.0000       85.6853561    
   15912.5000       77.2096481    
   15925.0000       69.5105743    
   15937.5000       62.5428162    
   15950.0000       56.2556305    
   15962.5000       50.6056213    
   15975.0000       45.5433426    
   15987.5000       41.0134811    
   16000.0000       36.9803276    
   16012.5000       33.4164734    
   16025.0000       30.2733212    
   16037.5000       27.5030918    
   16050.0000       25.0772762    
   16062.5000       22.9564743    
   16075.0000       21.0924683    
   16087.5000       19.4600449    
   16100.0000       18.0488396    
   16112.5000       16.8435669    
   16125.0000       15.8280163    
   16137.5000       14.9948702    
   16150.0000       14.3369350    
   16162.5000       13.8379688    
   16175.0000       13.4884968    
   16187.5000       13.2876091    
   16200.0000       13.2289839    
   16212.5000       13.3042059    
   16225.0000       13.4984608    
   16237.5000       13.7783461    
   16250.0000       14.0966139    
   16262.5000       14.4054184    
   16275.0000       14.6600075    
   16287.5000       14.8203287    
   16300.0000       14.8705959    
   16312.5000       14.8196955    
   16325.0000       14.6809149    
   16337.5000       14.4812613    
   16350.0000       14.2665644    
   16362.5000       14.0845022    
   16375.0000       13.9759130    
   16387.5000       13.9672251    
   16400.0000       14.0588627    
   16412.5000       14.2147474    
   16425.0000       14.3771772    
   16437.5000       14.4932480    
   16450.0000       14.5198145    
   16462.5000       14.4465961    
   16475.0000       14.3082170    
   16487.5000       14.1546488    
   16500.0000       14.0393038    
   16512.5000       14.0042419    
   16525.0000       14.0581875    
   16537.5000       14.1776896    
   16550.0000       14.3103333    
   16562.5000       14.3977289    
   16575.0000       14.4042110    
   16587.5000       14.3293037    
   16600.0000       14.2152033    
   16612.5000       14.1237278    
   16625.0000       14.1060505    
   16637.5000       14.1784182    
   16650.0000       14.3008165    
   16662.5000       14.4078798    
   16675.0000       14.4530897    
   16687.5000       14.4238319    
   16700.0000       14.3481607    
   16712.5000       14.2774944    
   16725.0000       14.2579746    
   16737.5000       14.3066578    
   16750.0000       14.3983793    
   16762.5000       14.4832973    
   16775.0000       14.5172443    
   16787.5000       14.4895439    
   16800.0000       14.4259958    
   16812.5000       14.3683681    
   16825.0000       14.3615541    
   16837.5000       14.4209404    
   16850.0000       14.5070181    
   16862.5000       14.5602207    
   16875.0000       14.5496521    
   16887.5000       14.4925127    
   16900.0000       14.4336739    
   16912.5000       14.4148989    
   16925.0000       14.4575329    
   16937.5000       14.5343370    
   16950.0000       14.5822134    
   16962.5000       14.5679617    
   16975.0000       14.5129976    
   16987.5000       14.4667740    
   17000.0000       14.4675474    
   17012.5000       14.5149450    
   17025.0000       14.5751476    
   17037.5000       14.6059875    
   17050.0000       14.5880337    
   17062.5000       14.5425529    
   17075.0000       14.5161724    
   17087.5000       14.5392256    
   17100.0000       14.5953150    
   17112.5000       14.6432724    
   17125.0000       14.6543093    
   17137.5000       14.6250401    
   17150.0000       14.5875778    
   17162.5000       14.5887136    
   17175.0000       14.6357222    
   17187.5000       14.6890087    
   17200.0000       14.7085495    
   17212.5000       14.6859407    
   17225.0000       14.6464567    
   17237.5000       14.6363964    
   17250.0000       14.6784611    
   17262.5000       14.7345715    
   17275.0000       14.7519875    
   17287.5000       14.7259293    
   17300.0000       14.6889687    
   17312.5000       14.6787825    
   17325.0000       14.7133703    
   17337.5000       14.7603226    
   17350.0000       14.7656822    
   17362.5000       14.7287302    
   17375.0000       14.6971350    
   17387.5000       14.7018270    
   17400.0000       14.7354107    
   17412.5000       14.7654114    
   17425.0000       14.7603636    
   17437.5000       14.7245445    
   17450.0000       14.6981869    
   17462.5000       14.7101192    
   17475.0000       14.7401838    
   17487.5000       14.7512226    
   17500.0000       14.7345285    
   17512.5000       14.7053823    
   17525.0000       14.6920023    
   17537.5000       14.7104263    
   17550.0000       14.7362261    
   17562.5000       14.7374249    
   17575.0000       14.7114115    
   17587.5000       14.6835594    
   17600.0000       14.6852140    
   17612.5000       14.7136049    
   17625.0000       14.7322493    
   17637.5000       14.7159462    
   17650.0000       14.6811466    
   17662.5000       14.6698093    
   17675.0000       14.6927414    
   17687.5000       14.7163248    
   17700.0000       14.7087040    
   17712.5000       14.6759434    
   17725.0000       14.6562996    
   17737.5000       14.6677523    
   17750.0000       14.6870565    
   17762.5000       14.6859379    
   17775.0000       14.6571875    
   17787.5000       14.6297884    
   17800.0000       14.6349993    
   17812.5000       14.6539803    
   17825.0000       14.6519976    
   17837.5000       14.6236267    
   17850.0000       14.5932131    
   17862.5000       14.5903711    
   17875.0000       14.6059380    
   17887.5000       14.6055298    
   17900.0000       14.5795393    
   17912.5000       14.5510139    
   17925.0000       14.5473366    
   17937.5000       14.5588570    
   17950.0000       14.5559540    
   17962.5000       14.5363626    
   17975.0000       14.5146360    
   17987.5000       14.5076876    
   18000.0000       14.5196705    
   18012.5000       14.5237141    
   18025.0000       14.5042543    
   18037.5000       14.4846487    
   18050.0000       14.4869070    
   18062.5000       14.5016537    
   18075.0000       14.5059290    
   18087.5000       14.4941940    
   18100.0000       14.4800901    
   18112.5000       14.4803486    
   18125.0000       14.4983873    
   18137.5000       14.5114145    
   18150.0000       14.4995642    
   18162.5000       14.4838228    
   18175.0000       14.4935246    
   18187.5000       14.5154228    
   18200.0000       14.5188723    
   18212.5000       14.5060959    
   18225.0000       14.4999142    
   18237.5000       14.5107222    
   18250.0000       14.5283623    
   18262.5000       14.5290289    
   18275.0000       14.5097284    
   18287.5000       14.5018969    
   18300.0000       14.5188904    
   18312.5000       14.5305605    
   18325.0000       14.5163898    
   18337.5000       14.4972725    
   18350.0000       14.4958839    
   18362.5000       14.5054455    
   18375.0000       14.5043936    
   18387.5000       14.4837608    
   18400.0000       14.4634666    
   18412.5000       14.4637499    
   18425.0000       14.4682608    
   18437.5000       14.4533634    
   18450.0000       14.4269075    
   18462.5000       14.4109821    
   18475.0000       14.4090061    
   18487.5000       14.4034891    
   18500.0000       14.3820333    
   18512.5000       14.3532352    
   18525.0000       14.3362942    
   18537.5000       14.3331995    
   18550.0000       14.3193169    
   18562.5000       14.2868843    
   18575.0000       14.2612953    
   18587.5000       14.2520199    
   18600.0000       14.2399378    
   18612.5000       14.2138519    
   18625.0000       14.1853189    
   18637.5000       14.1675882    
   18650.0000       14.1547565    
   18662.5000       14.1342888    
   18675.0000       14.1064005    
   18687.5000       14.0817003    
   18700.0000       14.0663271    
   18712.5000       14.0510550    
   18725.0000       14.0253115    
   18737.5000       13.9957800    
   18750.0000       13.9766436    
   18762.5000       13.9660301    
   18775.0000       13.9460897    
   18787.5000       13.9156418    
   18800.0000       13.8936558    
   18812.5000       13.8813734    
   18825.0000       13.8632240    
   18837.5000       13.8383551    
   18850.0000       13.8167372    
   18862.5000       13.7986622    
   18875.0000       13.7807283    
   18887.5000       13.7642832    
   18900.0000       13.7438726    
   18912.5000       13.7178373    
   18925.0000       13.7002621    
   18937.5000       13.6901159    
   18950.0000       13.6694059    
   18962.5000       13.6411247    
   18975.0000       13.6225090    
   18987.5000       13.6112061    
   19000.0000       13.5927792    
   19012.5000       13.5694170    
   19025.0000       13.5507565    
   19037.5000       13.5348196    
   19050.0000       13.5182657    
   19062.5000       13.4996080    
   19075.0000       13.4773045    
   19087.5000       13.4568195    
   19100.0000       13.4417477    
   19112.5000       13.4243298    
   19125.0000       13.3981199    
   19137.5000       13.3734798    
   19150.0000       13.3591433    
   19162.5000       13.3414860    
   19175.0000       13.3144321    
   19187.5000       13.2910271    
   19200.0000       13.2748518    
   19212.5000       13.2584362    
   19225.0000       13.2345257    
   19237.5000       13.2068701    
   19250.0000       13.1863070    
   19262.5000       13.1681709    
   19275.0000       13.1442108    
   19287.5000       13.1165142    
   19300.0000       13.0908022    
   19312.5000       13.0735617    
   19325.0000       13.0552797    
   19337.5000       13.0242023    
   19350.0000       12.9947615    
   19362.5000       12.9780397    
   19375.0000       12.9600363    
   19387.5000       12.9283905    
   19400.0000       12.8945312    
   19412.5000       12.8754005    
   19425.0000       12.8598461    
   19437.5000       12.8297205    
   19450.0000       12.7968826    
   19462.5000       12.7767324    
   19475.0000       12.7582006    
   19487.5000       12.7279081    
   19500.0000       12.6947641    
   19512.5000       12.6706820    
   19525.0000       12.6505175    
   19537.5000       12.6240120    
   19550.0000       12.5906878    
   19562.5000       12.5616560    
   19575.0000       12.5404844    
   19587.5000       12.5133677    
   19600.0000       12.4776316    
   19612.5000       12.4460173    
   19625.0000       12.4217558    
   19637.5000       12.3956738    
   19650.0000       12.3592930    
   19662.5000       12.3216753    
   19675.0000       12.2944193    
   19687.5000       12.2647676    
   19700.0000       12.2234163    
   19712.5000       12.1844559    
   19725.0000       12.1535711    
   19737.5000       12.1177893    
   19750.0000       12.0730219    
   19762.5000       12.0312719    
   19775.0000       11.9945087    
   19787.5000       11.9525747    
   19800.0000       11.9061365    
   19812.5000       11.8612070    
   19825.0000       11.8176947    
   19837.5000       11.7733469    
   19850.0000       11.7245989    
   19862.5000       11.6726360    
   19875.0000       11.6254196    
   19887.5000       11.5819416    
   19900.0000       11.5305538    
   19912.5000       11.4739437    
   19925.0000       11.4266424    
   19937.5000       11.3821926    
   19950.0000       11.3270712    
   19962.5000       11.2714128    
   19975.0000       11.2255726    
   19987.5000       11.1791124    
   20000.0000       11.1235819    
   20012.5000       11.0684738    
   20025.0000       11.0221243    
   20037.5000       10.9765110    
   20050.0000       10.9248800    
   20062.5000       10.8723106    
   20075.0000       10.8242807    
   20087.5000       10.7798367    
   20100.0000       10.7316389    
   20112.5000       10.6784611    
   20125.0000       10.6310291    
   20137.5000       10.5900793    
   20150.0000       10.5427999    
   20162.5000       10.4900131    
   20175.0000       10.4452915    
   20187.5000       10.4055815    
   20200.0000       10.3572474    
   20212.5000       10.3051567    
   20225.0000       10.2621145    
   20237.5000       10.2226582    
   20250.0000       10.1740208    
   20262.5000       10.1223564    
   20275.0000       10.0805130    
   20287.5000       10.0390921    
   20300.0000       9.98749542    
   20312.5000       9.93726635    
   20325.0000       9.89550591    
   20337.5000       9.85198975    
   20350.0000       9.79974461    
   20362.5000       9.74865532    
   20375.0000       9.70647717    
   20387.5000       9.65968323    
   20400.0000       9.60467434    
   20412.5000       9.55622387    
   20425.0000       9.51223278    
   20437.5000       9.46253014    
   20450.0000       9.40842724    
   20462.5000       9.35663891    
   20475.0000       9.30965328    
   20487.5000       9.25885963    
   20500.0000       9.20287323    
   20512.5000       9.14996910    
   20525.0000       9.09893703    
   20537.5000       9.04665852    
   20550.0000       8.99031162    
   20562.5000       8.93191051    
   20575.0000       8.88018036    
   20587.5000       8.82595825    
   20600.0000       8.76152229    
   20612.5000       8.70239162    
   20625.0000       8.65021706    
   20637.5000       8.58847523    
   20650.0000       8.51895142    
   20662.5000       8.45771885    
   20675.0000       8.40115833    
   20687.5000       8.33364964    
   20700.0000       8.26196003    
   20712.5000       8.19690037    
   20725.0000       8.13018417    
   20737.5000       8.05825138    
   20750.0000       7.98594236    
   20762.5000       7.91358614    
   20775.0000       7.84098959    
   20787.5000       7.76576519    
   20800.0000       7.68701792    
   20812.5000       7.61072016    
   20825.0000       7.53536749    
   20837.5000       7.45328808    
   20850.0000       7.36995697    
   20862.5000       7.29249144    
   20875.0000       7.21305561    
   20887.5000       7.12682581    
   20900.0000       7.04162979    
   20912.5000       6.96186495    
   20925.0000       6.88046312    
   20937.5000       6.79247952    
   20950.0000       6.70631790    
   20962.5000       6.62530804    
   20975.0000       6.54132652    
   20987.5000       6.45457125    
   21000.0000       6.37002659    
   21012.5000       6.28821421    
   21025.0000       6.20488501    
   21037.5000       6.11650085    
   21050.0000       6.03258038    
   21062.5000       5.95478058    
   21075.0000       5.87009144    
   21087.5000       5.78214216    
   21100.0000       5.69979382    
   21112.5000       5.61943340    
   21125.0000       5.53693676    
   21137.5000       5.45116329    
   21150.0000       5.36738157    
   21162.5000       5.28718090    
   21175.0000       5.20306683    
   21187.5000       5.11749458    
   21200.0000       5.03578854    
   21212.5000       4.95280600    
   21225.0000       4.86516571    
   21237.5000       4.77878284    
   21250.0000       4.69740009    
   21262.5000       4.61221409    
   21275.0000       4.52062559    
   21287.5000       4.43382835    
   21300.0000       4.35064363    
   21312.5000       4.26111746    
   21325.0000       4.16853237    
   21337.5000       4.08026361    
   21350.0000       3.99257016    
   21362.5000       3.89972448    
   21375.0000       3.80664015    
   21387.5000       3.71593118    
   21400.0000       3.62280631    
   21412.5000       3.52855611    
   21425.0000       3.43453217    
   21437.5000       3.33910728    
   21450.0000       3.24313855    
   21462.5000       3.14538217    
   21475.0000       3.04800916    
   21487.5000       2.95352173    
   21500.0000       2.85494471    
   21512.5000       2.75188160    
   21525.0000       2.65403533    
   21537.5000       2.55880189    
   21550.0000       2.45588803    
   21562.5000       2.35043430    
   21575.0000       2.25176668    
   21587.5000       2.15330625    
   21600.0000       2.04769421    
   21612.5000       1.94070613    
   21625.0000       1.83840775    
   21637.5000       1.73628199    
   21650.0000       1.62873507    
   21662.5000       1.52091587    
   21675.0000       1.41669691    
   21687.5000       1.31043792    
   21700.0000       1.20036626    
   21712.5000       1.09051073    
   21725.0000      0.982961893    
   21737.5000      0.873349249    
   21750.0000      0.758224964    
   21762.5000      0.646099031    
   21775.0000      0.537725985    
   21787.5000      0.421691090    
   21800.0000      0.303317010    
   21812.5000      0.191584259    
   21825.0000       7.70067275E-02
   21837.5000      -4.48074788E-02
   21850.0000     -0.164237991    
   21862.5000     -0.280173540    
   21875.0000     -0.400705785    
   21887.5000     -0.525227010    
   21900.0000     -0.647551656    
   21912.5000     -0.768788218    
   21925.0000     -0.893532276    
   21937.5000      -1.02142298    
   21950.0000      -1.14902627    
   21962.5000      -1.27661419    
   21975.0000      -1.40636647    
   21987.5000      -1.53789842    
   22000.0000      -1.67035115    
   22012.5000      -1.80276203    
