  -987.500000       0.00000000    
  -975.000000       0.00000000    
  -962.500000       0.00000000    
  -950.000000       0.00000000    
  -937.500000       0.00000000    
  -925.000000       0.00000000    
  -912.500000       0.00000000    
  -900.000000       0.00000000    
  -887.500000       0.00000000    
  -875.000000       0.00000000    
  -862.500000       0.00000000    
  -850.000000       0.00000000    
  -837.500000       0.00000000    
  -825.000000       0.00000000    
  -812.500000       0.00000000    
  -800.000000       0.00000000    
  -787.500000       0.00000000    
  -775.000000       0.00000000    
  -762.500000       0.00000000    
  -750.000000       0.00000000    
  -737.500000       0.00000000    
  -725.000000       0.00000000    
  -712.500000       0.00000000    
  -700.000000       0.00000000    
  -687.500000       0.00000000    
  -675.000000       0.00000000    
  -662.500000       0.00000000    
  -650.000000       0.00000000    
  -637.500000       0.00000000    
  -625.000000       0.00000000    
  -612.500000       0.00000000    
  -600.000000       0.00000000    
  -587.500000       0.00000000    
  -575.000000       0.00000000    
  -562.500000       0.00000000    
  -550.000000       0.00000000    
  -537.500000       0.00000000    
  -525.000000       0.00000000    
  -512.500000       0.00000000    
  -500.000000       0.00000000    
  -487.500000       0.00000000    
  -475.000000       0.00000000    
  -462.500000       0.00000000    
  -450.000000       0.00000000    
  -437.500000       0.00000000    
  -425.000000       0.00000000    
  -412.500000       0.00000000    
  -400.000000       0.00000000    
  -387.500000       0.00000000    
  -375.000000       0.00000000    
  -362.500000       0.00000000    
  -350.000000       0.00000000    
  -337.500000       0.00000000    
  -325.000000       0.00000000    
  -312.500000       0.00000000    
  -300.000000       0.00000000    
  -287.500000       0.00000000    
  -275.000000       0.00000000    
  -262.500000       0.00000000    
  -250.000000       0.00000000    
  -237.500000       0.00000000    
  -225.000000       0.00000000    
  -212.500000       0.00000000    
  -200.000000       0.00000000    
  -187.500000       0.00000000    
  -175.000000       0.00000000    
  -162.500000       0.00000000    
  -150.000000       0.00000000    
  -137.500000       0.00000000    
  -125.000000       0.00000000    
  -112.500000       0.00000000    
  -100.000000       0.00000000    
  -87.5000000       0.00000000    
  -75.0000000       0.00000000    
  -62.5000000       0.00000000    
  -50.0000000       0.00000000    
  -37.5000000       0.00000000    
  -25.0000000       0.00000000    
  -12.5000000       0.00000000    
   0.00000000       0.00000000    
   12.5000000       0.00000000    
   25.0000000       0.00000000    
   37.5000000       0.00000000    
   50.0000000       0.00000000    
   62.5000000       0.00000000    
   75.0000000       0.00000000    
   87.5000000       0.00000000    
   100.000000       0.00000000    
   112.500000       0.00000000    
   125.000000       0.00000000    
   137.500000       0.00000000    
   150.000000       0.00000000    
   162.500000       0.00000000    
   175.000000       0.00000000    
   187.500000       0.00000000    
   200.000000       0.00000000    
   212.500000       0.00000000    
   225.000000       0.00000000    
   237.500000       0.00000000    
   250.000000       0.00000000    
   262.500000       0.00000000    
   275.000000       0.00000000    
   287.500000       0.00000000    
   300.000000       0.00000000    
   312.500000       0.00000000    
   325.000000       0.00000000    
   337.500000       0.00000000    
   350.000000       0.00000000    
   362.500000       0.00000000    
   375.000000       0.00000000    
   387.500000       0.00000000    
   400.000000       0.00000000    
   412.500000       0.00000000    
   425.000000       0.00000000    
   437.500000       0.00000000    
   450.000000       0.00000000    
   462.500000       0.00000000    
   475.000000       0.00000000    
   487.500000       0.00000000    
   500.000000       0.00000000    
   512.500000       0.00000000    
   525.000000       0.00000000    
   537.500000       0.00000000    
   550.000000       0.00000000    
   562.500000       0.00000000    
   575.000000       0.00000000    
   587.500000       0.00000000    
   600.000000       0.00000000    
   612.500000       0.00000000    
   625.000000       0.00000000    
   637.500000       0.00000000    
   650.000000       0.00000000    
   662.500000       0.00000000    
   675.000000       0.00000000    
   687.500000       0.00000000    
   700.000000       0.00000000    
   712.500000       0.00000000    
   725.000000       0.00000000    
   737.500000       0.00000000    
   750.000000       0.00000000    
   762.500000       0.00000000    
   775.000000       0.00000000    
   787.500000       0.00000000    
   800.000000       0.00000000    
   812.500000       0.00000000    
   825.000000       0.00000000    
   837.500000       0.00000000    
   850.000000       0.00000000    
   862.500000       0.00000000    
   875.000000       0.00000000    
   887.500000       0.00000000    
   900.000000       0.00000000    
   912.500000       0.00000000    
   925.000000       0.00000000    
   937.500000       0.00000000    
   950.000000       0.00000000    
   962.500000       0.00000000    
   975.000000       0.00000000    
   987.500000       0.00000000    
   1000.00000       0.00000000    
   1012.50000       0.00000000    
   1025.00000       0.00000000    
   1037.50000       0.00000000    
   1050.00000       0.00000000    
   1062.50000       0.00000000    
   1075.00000       0.00000000    
   1087.50000       0.00000000    
   1100.00000       0.00000000    
   1112.50000       0.00000000    
   1125.00000       0.00000000    
   1137.50000       0.00000000    
   1150.00000       0.00000000    
   1162.50000       0.00000000    
   1175.00000       0.00000000    
   1187.50000       0.00000000    
   1200.00000       0.00000000    
   1212.50000       0.00000000    
   1225.00000       0.00000000    
   1237.50000       0.00000000    
   1250.00000       0.00000000    
   1262.50000       0.00000000    
   1275.00000       0.00000000    
   1287.50000       0.00000000    
   1300.00000       0.00000000    
   1312.50000       0.00000000    
   1325.00000       0.00000000    
   1337.50000       0.00000000    
   1350.00000       0.00000000    
   1362.50000       0.00000000    
   1375.00000       0.00000000    
   1387.50000       0.00000000    
   1400.00000       0.00000000    
   1412.50000       0.00000000    
   1425.00000       0.00000000    
   1437.50000       0.00000000    
   1450.00000       0.00000000    
   1462.50000       0.00000000    
   1475.00000       0.00000000    
   1487.50000       0.00000000    
   1500.00000       0.00000000    
   1512.50000       0.00000000    
   1525.00000       0.00000000    
   1537.50000       0.00000000    
   1550.00000       0.00000000    
   1562.50000       0.00000000    
   1575.00000       0.00000000    
   1587.50000       0.00000000    
   1600.00000       0.00000000    
   1612.50000       0.00000000    
   1625.00000       3.88580064E-42
   1637.50000       1.72990295E-41
   1650.00000       3.87991519E-41
   1662.50000       7.40992615E-41
   1675.00000       1.58442015E-40
   1687.50000       4.48861121E-40
   1700.00000       1.49979854E-39
   1712.50000       5.26638651E-39
   1725.00000       1.86513302E-38
   1737.50000       6.57113131E-38
   1750.00000       2.29456099E-37
   1762.50000       7.93469449E-37
   1775.00000       2.71665433E-36
   1787.50000       9.20813929E-36
   1800.00000       3.08978030E-35
   1812.50000       1.02634754E-34
   1825.00000       3.37496734E-34
   1837.50000       1.09863805E-33
   1850.00000       3.54041082E-33
   1862.50000       1.12946405E-32
   1875.00000       3.56711460E-32
   1887.50000       1.11530551E-31
   1900.00000       3.45229925E-31
   1912.50000       1.05795225E-30
   1925.00000       3.20975221E-30
   1937.50000       9.64116016E-30
   1950.00000       2.86710904E-29
   1962.50000       8.44153511E-29
   1975.00000       2.46074745E-28
   1987.50000       7.10211897E-28
   2000.00000       2.02951397E-27
   2012.50000       5.74232730E-27
   2025.00000       1.60873776E-26
   2037.50000       4.46265578E-26
   2050.00000       1.22580689E-25
   2062.50000       3.33411519E-25
   2075.00000       8.98003164E-25
   2087.50000       2.39509057E-24
   2100.00000       6.32587244E-24
   2112.50000       1.65455087E-23
   2125.00000       4.28555818E-23
   2137.50000       1.09927982E-22
   2150.00000       2.79246814E-22
   2162.50000       7.02510247E-22
   2175.00000       1.75027762E-21
   2187.50000       4.31873058E-21
   2200.00000       1.05537171E-20
   2212.50000       2.55423163E-20
   2225.00000       6.12245550E-20
   2237.50000       1.45347356E-19
   2250.00000       3.41751221E-19
   2262.50000       7.95866295E-19
   2275.00000       1.83570444E-18
   2287.50000       4.19376145E-18
   2300.00000       9.48961203E-18
   2312.50000       2.12687756E-17
   2325.00000       4.72162039E-17
   2337.50000       1.03824375E-16
   2350.00000       2.26137468E-16
   2362.50000       4.87882825E-16
   2375.00000       1.04263721E-15
   2387.50000       2.20714340E-15
   2400.00000       4.62820454E-15
   2412.50000       9.61356476E-15
   2425.00000       1.97811602E-14
   2437.50000       4.03199474E-14
   2450.00000       8.14132426E-14
   2462.50000       1.62848332E-13
   2475.00000       3.22694291E-13
   2487.50000       6.33469460E-13
   2500.00000       1.23195117E-12
   2512.50000       2.37356792E-12
   2525.00000       4.53061980E-12
   2537.50000       8.56778277E-12
   2550.00000       1.60524580E-11
   2562.50000       2.97978205E-11
   2575.00000       5.48030787E-11
   2587.50000       9.98644917E-11
   2600.00000       1.80306575E-10
   2612.50000       3.22563837E-10
   2625.00000       5.71785952E-10
   2637.50000       1.00432851E-09
   2650.00000       1.74805337E-09
   2662.50000       3.01497094E-09
   2675.00000       5.15317788E-09
   2687.50000       8.72862049E-09
   2700.00000       1.46524632E-08
   2712.50000       2.43773890E-08
   2725.00000       4.01969871E-08
   2737.50000       6.56975132E-08
   2750.00000       1.06432452E-07
   2762.50000       1.70919378E-07
   2775.00000       2.72097509E-07
   2787.50000       4.29437193E-07
   2800.00000       6.71961629E-07
   2812.50000       1.04253195E-06
   2825.00000       1.60386276E-06
   2837.50000       2.44688204E-06
   2850.00000       3.70223984E-06
   2862.50000       5.55599809E-06
   2875.00000       8.27080930E-06
   2887.50000       1.22142537E-05
   2900.00000       1.78963965E-05
   2912.50000       2.60191446E-05
   2925.00000       3.75405216E-05
   2937.50000       5.37577434E-05
   2950.00000       7.64136494E-05
   2962.50000       1.07832246E-04
   2975.00000       1.51089975E-04
   2987.50000       2.10230530E-04
   3000.00000       2.90533237E-04
   3012.50000       3.98845877E-04
   3025.00000       5.43995353E-04
   3037.50000       7.37292867E-04
   3050.00000       9.93150403E-04
   3062.50000       1.32983341E-03
   3075.00000       1.77037402E-03
   3087.50000       2.34367466E-03
   3100.00000       3.08584142E-03
   3112.50000       4.04178211E-03
   3125.00000       5.26712555E-03
   3137.50000       6.83051068E-03
   3150.00000       8.81631300E-03
   3162.50000       1.13278739E-02
   3175.00000       1.44913075E-02
   3187.50000       1.84600148E-02
   3200.00000       2.34199297E-02
   3212.50000       2.95956768E-02
   3225.00000       3.72576863E-02
   3237.50000       4.67304587E-02
   3250.00000       5.84019944E-02
   3262.50000       7.27347136E-02
   3275.00000       9.02777016E-02
   3287.50000      0.111680701    
   3300.00000      0.137709767    
   3312.50000      0.169264853    
   3325.00000      0.207399219    
   3337.50000      0.253340662    
   3350.00000      0.308515131    
   3362.50000      0.374572486    
   3375.00000      0.453413546    
   3387.50000      0.547219753    
   3400.00000      0.658483863    
   3412.50000      0.790042758    
   3425.00000      0.945111036    
   3437.50000       1.12731433    
   3450.00000       1.34072566    
   3462.50000       1.58989930    
   3475.00000       1.87990153    
   3487.50000       2.21634054    
   3500.00000       2.60539794    
   3512.50000       3.05384946    
   3525.00000       3.56908131    
   3537.50000       4.15910387    
   3550.00000       4.83254719    
   3562.50000       5.59865856    
   3575.00000       6.46728897    
   3587.50000       7.44884872    
   3600.00000       8.55426598    
   3612.50000       9.79492092    
   3625.00000       11.1825695    
   3637.50000       12.7292452    
   3650.00000       14.4471283    
   3662.50000       16.3484192    
   3675.00000       18.4451694    
   3687.50000       20.7491131    
   3700.00000       23.2714424    
   3712.50000       26.0226116    
   3725.00000       29.0120811    
   3737.50000       32.2480850    
   3750.00000       35.7373695    
   3762.50000       39.4848938    
   3775.00000       43.4935341    
   3787.50000       47.7638893    
   3800.00000       52.2939682    
   3812.50000       57.0789261    
   3825.00000       62.1108017    
   3837.50000       67.3783340    
   3850.00000       72.8667831    
   3862.50000       78.5577316    
   3875.00000       84.4290771    
   3887.50000       90.4549866    
   3900.00000       96.6057358    
   3912.50000       102.847855    
   3925.00000       109.144470    
   3937.50000       115.455261    
   3950.00000       121.736557    
   3962.50000       127.942215    
   3975.00000       134.023636    
   3987.50000       139.930267    
   4000.00000       145.610291    
   4012.50000       151.011017    
   4025.00000       156.079773    
   4037.50000       160.764343    
   4050.00000       165.013702    
   4062.50000       168.778992    
   4075.00000       172.014160    
   4087.50000       174.676208    
   4100.00000       176.726318    
   4112.50000       178.130737    
   4125.00000       178.860840    
   4137.50000       178.893890    
   4150.00000       178.213654    
   4162.50000       176.810608    
   4175.00000       174.682236    
   4187.50000       171.833221    
   4200.00000       168.275604    
   4212.50000       164.028427    
   4225.00000       159.117798    
   4237.50000       153.576859    
   4250.00000       147.445053    
   4262.50000       140.767456    
   4275.00000       133.595001    
   4287.50000       125.983284    
   4300.00000       117.991287    
   4312.50000       109.681503    
   4325.00000       101.119095    
   4337.50000       92.3703232    
   4350.00000       83.5023651    
   4362.50000       74.5823517    
   4375.00000       65.6758728    
   4387.50000       56.8469391    
   4400.00000       48.1572037    
   4412.50000       39.6646881    
   4425.00000       31.4235992    
   4437.50000       23.4840736    
   4450.00000       15.8911715    
   4462.50000       8.68457317    
   4475.00000       1.89846289    
   4487.50000      -4.43890858    
   4500.00000      -10.3051949    
   4512.50000      -15.6839619    
   4525.00000      -20.5647068    
   4537.50000      -24.9423618    
   4550.00000      -28.8169861    
   4562.50000      -32.1935501    
   4575.00000      -35.0811462    
   4587.50000      -37.4922943    
   4600.00000      -39.4427910    
   4612.50000      -40.9516144    
   4625.00000      -42.0407219    
   4637.50000      -42.7346725    
   4650.00000      -43.0600128    
   4662.50000      -43.0447006    
   4675.00000      -42.7172470    
   4687.50000      -42.1059494    
   4700.00000      -41.2385712    
   4712.50000      -40.1425667    
   4725.00000      -38.8452835    
   4737.50000      -37.3736343    
   4750.00000      -35.7531509    
   4762.50000      -34.0076408    
   4775.00000      -32.1591835    
   4787.50000      -30.2278519    
   4800.00000      -28.2318611    
   4812.50000      -26.1883926    
   4825.00000      -24.1135178    
   4837.50000      -22.0211525    
   4850.00000      -19.9226513    
   4862.50000      -17.8275375    
   4875.00000      -15.7441721    
   4887.50000      -13.6795940    
   4900.00000      -11.6393099    
   4912.50000      -9.62734032    
   4925.00000      -7.64631319    
   4937.50000      -5.69791079    
   4950.00000      -3.78314400    
   4962.50000      -1.90186048    
   4975.00000      -5.27763367E-02
   4987.50000       1.76595330    
   5000.00000       3.55683637    
   5012.50000       5.32290840    
   5025.00000       7.06718254    
   5037.50000       8.79306221    
   5050.00000       10.5045853    
   5062.50000       12.2056608    
   5075.00000       13.8998604    
   5087.50000       15.5904894    
   5100.00000       17.2798519    
   5112.50000       18.9689217    
   5125.00000       20.6580410    
   5137.50000       22.3480148    
   5150.00000       24.0412636    
   5162.50000       25.7426147    
   5175.00000       27.4595337    
   5187.50000       29.2015648    
   5200.00000       30.9789295    
   5212.50000       32.8006287    
   5225.00000       34.6722298    
   5237.50000       36.5942688    
   5250.00000       38.5635223    
   5262.50000       40.5761871    
   5275.00000       42.6296997    
   5287.50000       44.7229919    
   5300.00000       46.8561440    
   5312.50000       49.0290909    
   5325.00000       51.2394943    
   5337.50000       53.4806442    
   5350.00000       55.7411423    
   5362.50000       58.0077209    
   5375.00000       60.2690392    
   5387.50000       62.5162201    
   5400.00000       64.7389832    
   5412.50000       66.9209595    
   5425.00000       69.0399933    
   5437.50000       71.0729752    
   5450.00000       72.9985199    
   5462.50000       74.7959061    
   5475.00000       76.4425354    
   5487.50000       77.9116821    
   5500.00000       79.1730194    
   5512.50000       80.1963501    
   5525.00000       80.9536362    
   5537.50000       81.4172745    
   5550.00000       81.5580902    
   5562.50000       81.3452454    
   5575.00000       80.7484512    
   5587.50000       79.7410507    
   5600.00000       78.2996979    
   5612.50000       76.4016724    
   5625.00000       74.0252151    
   5637.50000       71.1521378    
   5650.00000       67.7690887    
   5662.50000       63.8670807    
   5675.00000       59.4413643    
   5687.50000       54.4922180    
   5700.00000       49.0251846    
   5712.50000       43.0507126    
   5725.00000       36.5847282    
   5737.50000       29.6496487    
   5750.00000       22.2743683    
   5762.50000       14.4930744    
   5775.00000       6.34454250    
   5787.50000      -2.12687397    
   5800.00000      -10.8703880    
   5812.50000      -19.8309803    
   5825.00000      -28.9515171    
   5837.50000      -38.1712532    
   5850.00000      -47.4247551    
   5862.50000      -56.6446075    
   5875.00000      -65.7643967    
   5887.50000      -74.7182159    
   5900.00000      -83.4386292    
   5912.50000      -91.8580551    
   5925.00000      -99.9133148    
   5937.50000      -107.546524    
   5950.00000      -114.701904    
   5962.50000      -121.326134    
   5975.00000      -127.372444    
   5987.50000      -132.801804    
   6000.00000      -137.581268    
   6012.50000      -141.683258    
   6025.00000      -145.086456    
   6037.50000      -147.778046    
   6050.00000      -149.753784    
   6062.50000      -151.015106    
   6075.00000      -151.569305    
   6087.50000      -151.431763    
   6100.00000      -150.624924    
   6112.50000      -149.176178    
   6125.00000      -147.118118    
   6137.50000      -144.488495    
   6150.00000      -141.329132    
   6162.50000      -137.685333    
   6175.00000      -133.605682    
   6187.50000      -129.140671    
   6200.00000      -124.341385    
   6212.50000      -119.259399    
   6225.00000      -113.946869    
   6237.50000      -108.455460    
   6250.00000      -102.834274    
   6262.50000      -97.1294022    
   6275.00000      -91.3853989    
   6287.50000      -85.6452484    
   6300.00000      -79.9478683    
   6312.50000      -74.3274002    
   6325.00000      -68.8163452    
   6337.50000      -63.4457436    
   6350.00000      -58.2411537    
   6362.50000      -53.2222443    
   6375.00000      -48.4070816    
   6387.50000      -43.8117065    
   6400.00000      -39.4459152    
   6412.50000      -35.3147659    
   6425.00000      -31.4231853    
   6437.50000      -27.7751236    
   6450.00000      -24.3701439    
   6462.50000      -21.2046204    
   6475.00000      -18.2741203    
   6487.50000      -15.5721455    
   6500.00000      -13.0893269    
   6512.50000      -10.8157597    
   6525.00000      -8.74257469    
   6537.50000      -6.86067581    
   6550.00000      -5.15904713    
   6562.50000      -3.62518263    
   6575.00000      -2.24692535    
   6587.50000      -1.01284766    
   6600.00000       8.85362774E-02
   6612.50000       1.06809151    
   6625.00000       1.93540084    
   6637.50000       2.69995260    
   6650.00000       3.37181568    
   6662.50000       3.96104622    
   6675.00000       4.47688389    
   6687.50000       4.92656517    
   6700.00000       5.31579399    
   6712.50000       5.65123367    
   6725.00000       5.93994951    
   6737.50000       6.18628645    
   6750.00000       6.39269543    
   6762.50000       6.56301785    
   6775.00000       6.70183563    
   6787.50000       6.81176710    
   6800.00000       6.89410925    
   6812.50000       6.95131207    
   6825.00000       6.98681402    
   6837.50000       7.00357628    
   6850.00000       7.00594568    
   6862.50000       7.00243759    
   6875.00000       7.00254726    
   6887.50000       7.01093960    
   6900.00000       7.02855110    
   6912.50000       7.05705023    
   6925.00000       7.09637070    
   6937.50000       7.13992262    
   6950.00000       7.17839909    
   6962.50000       7.20741558    
   6975.00000       7.22804117    
   6987.50000       7.24302006    
   7000.00000       7.25691700    
   7012.50000       7.27676678    
   7025.00000       7.30673695    
   7037.50000       7.34289646    
   7050.00000       7.37729025    
   7062.50000       7.40545750    
   7075.00000       7.42702866    
   7087.50000       7.44346142    
   7100.00000       7.45976686    
   7112.50000       7.48328018    
   7125.00000       7.51490307    
   7137.50000       7.54615021    
   7150.00000       7.56996632    
   7162.50000       7.58857441    
   7175.00000       7.60648680    
   7187.50000       7.62475872    
   7200.00000       7.64598274    
   7212.50000       7.67336130    
   7225.00000       7.70184708    
   7237.50000       7.72225523    
   7250.00000       7.73534966    
   7262.50000       7.75114489    
   7275.00000       7.77474594    
   7287.50000       7.80152845    
   7300.00000       7.82525730    
   7312.50000       7.84418201    
   7325.00000       7.86027813    
   7337.50000       7.87805653    
   7350.00000       7.90175104    
   7362.50000       7.92894173    
   7375.00000       7.95188284    
   7387.50000       7.96887302    
   7400.00000       7.98675823    
   7412.50000       8.00992584    
   7425.00000       8.03539658    
   7437.50000       8.05953407    
   7450.00000       8.08193970    
   7462.50000       8.10305023    
   7475.00000       8.12423897    
   7487.50000       8.14891815    
   7500.00000       8.17725182    
   7512.50000       8.20286751    
   7525.00000       8.22255802    
   7537.50000       8.24353313    
   7550.00000       8.27168655    
   7562.50000       8.30119038    
   7575.00000       8.32518387    
   7587.50000       8.34682465    
   7600.00000       8.37190628    
   7612.50000       8.39972115    
   7625.00000       8.42659569    
   7637.50000       8.45158195    
   7650.00000       8.47573757    
   7662.50000       8.50041771    
   7675.00000       8.52695370    
   7687.50000       8.55456161    
   7700.00000       8.58009720    
   7712.50000       8.60310936    
   7725.00000       8.62759781    
   7737.50000       8.65542316    
   7750.00000       8.68280125    
   7762.50000       8.70683098    
   7775.00000       8.73048019    
   7787.50000       8.75705719    
   7800.00000       8.78462029    
   7812.50000       8.81025887    
   7825.00000       8.83499432    
   7837.50000       8.86069489    
   7850.00000       8.88728905    
   7862.50000       8.91434956    
   7875.00000       8.94100761    
   7887.50000       8.96639347    
   7900.00000       8.99233818    
   7912.50000       9.02061844    
   7925.00000       9.04874992    
   7937.50000       9.07451916    
   7950.00000       9.10058403    
   7962.50000       9.12930489    
   7975.00000       9.15827942    
   7987.50000       9.18517494    
   8000.00000       9.21209240    
   8012.50000       9.24136734    
   8025.00000       9.27118874    
   8037.50000       9.29932022    
   8050.00000       9.32717133    
   8062.50000       9.35655403    
   8075.00000       9.38655853    
   8087.50000       9.41591072    
   8100.00000       9.44485474    
   8112.50000       9.47421837    
   8125.00000       9.50439167    
   8137.50000       9.53461647    
   8150.00000       9.56381893    
   8162.50000       9.59280014    
   8175.00000       9.62314415    
   8187.50000       9.65401745    
   8200.00000       9.68353081    
   8212.50000       9.71238136    
   8225.00000       9.74254990    
   8237.50000       9.77346802    
   8250.00000       9.80304241    
   8262.50000       9.83162117    
   8275.00000       9.86141396    
   8287.50000       9.89231300    
   8300.00000       9.92211151    
   8312.50000       9.95096970    
   8325.00000       9.98112392    
   8337.50000       10.0119095    
   8350.00000       10.0409451    
   8362.50000       10.0696564    
   8375.00000       10.1005173    
   8387.50000       10.1314116    
   8400.00000       10.1601048    
   8412.50000       10.1891651    
   8425.00000       10.2202988    
   8437.50000       10.2507839    
   8450.00000       10.2795448    
   8462.50000       10.3091793    
   8475.00000       10.3402433    
   8487.50000       10.3704185    
   8500.00000       10.3996525    
   8512.50000       10.4299660    
   8525.00000       10.4608364    
   8537.50000       10.4905338    
   8550.00000       10.5202103    
   8562.50000       10.5511017    
   8575.00000       10.5813923    
   8587.50000       10.6104164    
   8600.00000       10.6403837    
   8612.50000       10.6713905    
   8625.00000       10.7012339    
   8637.50000       10.7302608    
   8650.00000       10.7604408    
   8662.50000       10.7911816    
   8675.00000       10.8207150    
   8687.50000       10.8497849    
   8700.00000       10.8801804    
   8712.50000       10.9110260    
   8725.00000       10.9405060    
   8737.50000       10.9699068    
   8750.00000       11.0011158    
   8762.50000       11.0323658    
   8775.00000       11.0619440    
   8787.50000       11.0921383    
   8800.00000       11.1244717    
   8812.50000       11.1564426    
   8825.00000       11.1869555    
   8837.50000       11.2187252    
   8850.00000       11.2524729    
   8862.50000       11.2853775    
   8875.00000       11.3172207    
   8887.50000       11.3510160    
   8900.00000       11.3864717    
   8912.50000       11.4205627    
   8925.00000       11.4541779    
   8937.50000       11.4901333    
   8950.00000       11.5269127    
   8962.50000       11.5620747    
   8975.00000       11.5976467    
   8987.50000       11.6357117    
   9000.00000       11.6737709    
   9012.50000       11.7098827    
   9025.00000       11.7469540    
   9037.50000       11.7867126    
   9050.00000       11.8255501    
   9062.50000       11.8620872    
   9075.00000       11.9005308    
   9087.50000       11.9412136    
   9100.00000       11.9794283    
   9112.50000       12.0161724    
   9125.00000       12.0559311    
   9137.50000       12.0962543    
   9150.00000       12.1334686    
   9162.50000       12.1709290    
   9175.00000       12.2109308    
   9187.50000       12.2496614    
   9200.00000       12.2860317    
   9212.50000       12.3237391    
   9225.00000       12.3629379    
   9237.50000       12.4002867    
   9250.00000       12.4362488    
   9262.50000       12.4737682    
   9275.00000       12.5118952    
   9287.50000       12.5480556    
   9300.00000       12.5836296    
   9312.50000       12.6207371    
   9325.00000       12.6577015    
   9337.50000       12.6931305    
   9350.00000       12.7289982    
   9362.50000       12.7658749    
   9375.00000       12.8017387    
   9387.50000       12.8369417    
   9400.00000       12.8734159    
   9412.50000       12.9101105    
   9425.00000       12.9455538    
   9437.50000       12.9813118    
   9450.00000       13.0182858    
   9462.50000       13.0548439    
   9475.00000       13.0907326    
   9487.50000       13.1274424    
   9500.00000       13.1649227    
   9512.50000       13.2020321    
   9525.00000       13.2387276    
   9537.50000       13.2759323    
   9550.00000       13.3141146    
   9562.50000       13.3523140    
   9575.00000       13.3897524    
   9587.50000       13.4277420    
   9600.00000       13.4669685    
   9612.50000       13.5056925    
   9625.00000       13.5437450    
   9637.50000       13.5830259    
   9650.00000       13.6229067    
   9662.50000       13.6618052    
   9675.00000       13.7011366    
   9687.50000       13.7418404    
   9700.00000       13.7821455    
   9712.50000       13.8220558    
   9725.00000       13.8632898    
   9737.50000       13.9049683    
   9750.00000       13.9457693    
   9762.50000       13.9870281    
   9775.00000       14.0292816    
   9787.50000       14.0710764    
   9800.00000       14.1126747    
   9812.50000       14.1554165    
   9825.00000       14.1986408    
   9837.50000       14.2413034    
   9850.00000       14.2840519    
   9862.50000       14.3275833    
   9875.00000       14.3713646    
   9887.50000       14.4147682    
   9900.00000       14.4582539    
   9912.50000       14.5025330    
   9925.00000       14.5470409    
   9937.50000       14.5910587    
   9950.00000       14.6353054    
   9962.50000       14.6801662    
   9975.00000       14.7247705    
   9987.50000       14.7690887    
   10000.0000       14.8137646    
   10012.5000       14.8585777    
   10025.0000       14.9034023    
   10037.5000       14.9483109    
   10050.0000       14.9928408    
   10062.5000       15.0373421    
   10075.0000       15.0823927    
   10087.5000       15.1270599    
   10100.0000       15.1712360    
   10112.5000       15.2162943    
   10125.0000       15.2614946    
   10137.5000       15.3054399    
   10150.0000       15.3497381    
   10162.5000       15.3954210    
   10175.0000       15.4405394    
   10187.5000       15.4848309    
   10200.0000       15.5301247    
   10212.5000       15.5759764    
   10225.0000       15.6211090    
   10237.5000       15.6664562    
   10250.0000       15.7127628    
   10262.5000       15.7590370    
   10275.0000       15.8049297    
   10287.5000       15.8512859    
   10300.0000       15.8984003    
   10312.5000       15.9455881    
   10325.0000       15.9925098    
   10337.5000       16.0399170    
   10350.0000       16.0882511    
   10362.5000       16.1365681    
   10375.0000       16.1845627    
   10387.5000       16.2334042    
   10400.0000       16.2830391    
   10412.5000       16.3321590    
   10425.0000       16.3812237    
   10437.5000       16.4313660    
   10450.0000       16.4816513    
   10462.5000       16.5313320    
   10475.0000       16.5815754    
   10487.5000       16.6324806    
   10500.0000       16.6828423    
   10512.5000       16.7331142    
   10525.0000       16.7842445    
   10537.5000       16.8354721    
   10550.0000       16.8861694    
   10562.5000       16.9369965    
   10575.0000       16.9883156    
   10587.5000       17.0396729    
   10600.0000       17.0905952    
   10612.5000       17.1414757    
   10625.0000       17.1931171    
   10637.5000       17.2448692    
   10650.0000       17.2957802    
   10662.5000       17.3469181    
   10675.0000       17.3987999    
   10687.5000       17.4500885    
   10700.0000       17.5011520    
   10712.5000       17.5531235    
   10725.0000       17.6048241    
   10737.5000       17.6559105    
   10750.0000       17.7078171    
   10762.5000       17.7599297    
   10775.0000       17.8111877    
   10787.5000       17.8627605    
   10800.0000       17.9149704    
   10812.5000       17.9667473    
   10825.0000       18.0183830    
   10837.5000       18.0704021    
   10850.0000       18.1223106    
   10862.5000       18.1741982    
   10875.0000       18.2264481    
   10887.5000       18.2787514    
   10900.0000       18.3310318    
   10912.5000       18.3835297    
   10925.0000       18.4360542    
   10937.5000       18.4885750    
   10950.0000       18.5415421    
   10962.5000       18.5948677    
   10975.0000       18.6479397    
   10987.5000       18.7009945    
   11000.0000       18.7547493    
   11012.5000       18.8088760    
   11025.0000       18.8627930    
   11037.5000       18.9169426    
   11050.0000       18.9717484    
   11062.5000       19.0268707    
   11075.0000       19.0821762    
   11087.5000       19.1379433    
   11100.0000       19.1942177    
   11112.5000       19.2508144    
   11125.0000       19.3076935    
   11137.5000       19.3651199    
   11150.0000       19.4232216    
   11162.5000       19.4817886    
   11175.0000       19.5408134    
   11187.5000       19.6003342    
   11200.0000       19.6601448    
   11212.5000       19.7203674    
   11225.0000       19.7812920    
   11237.5000       19.8427162    
   11250.0000       19.9045105    
   11262.5000       19.9666977    
   11275.0000       20.0290890    
   11287.5000       20.0919189    
   11300.0000       20.1553535    
   11312.5000       20.2188206    
   11325.0000       20.2823162    
   11337.5000       20.3463249    
   11350.0000       20.4103851    
   11362.5000       20.4743576    
   11375.0000       20.5388012    
   11387.5000       20.6031895    
   11400.0000       20.6670837    
   11412.5000       20.7312851    
   11425.0000       20.7957001    
   11437.5000       20.8595352    
   11450.0000       20.9233589    
   11462.5000       20.9876881    
   11475.0000       21.0516605    
   11487.5000       21.1150703    
   11500.0000       21.1787300    
   11512.5000       21.2425575    
   11525.0000       21.3057785    
   11537.5000       21.3685341    
   11550.0000       21.4316139    
   11562.5000       21.4949684    
   11575.0000       21.5579071    
   11587.5000       21.6205597    
   11600.0000       21.6835651    
   11612.5000       21.7466354    
   11625.0000       21.8092918    
   11637.5000       21.8722000    
   11650.0000       21.9357548    
   11662.5000       21.9991436    
   11675.0000       22.0622482    
   11687.5000       22.1259956    
   11700.0000       22.1901913    
   11712.5000       22.2540283    
   11725.0000       22.3181076    
   11737.5000       22.3830166    
   11750.0000       22.4479885    
   11762.5000       22.5128899    
   11775.0000       22.5785637    
   11787.5000       22.6446953    
   11800.0000       22.7106380    
   11812.5000       22.7770081    
   11825.0000       22.8441372    
   11837.5000       22.9113159    
   11850.0000       22.9784756    
   11862.5000       23.0462112    
   11875.0000       23.1144218    
   11887.5000       23.1826935    
   11900.0000       23.2511578    
   11912.5000       23.3200989    
   11925.0000       23.3893833    
   11937.5000       23.4587975    
   11950.0000       23.5283928    
   11962.5000       23.5983849    
   11975.0000       23.6686459    
   11987.5000       23.7388916    
   12000.0000       23.8094139    
   12012.5000       23.8806572    
   12025.0000       23.9522133    
   12037.5000       24.0236397    
   12050.0000       24.0954247    
   12062.5000       24.1678047    
   12075.0000       24.2402382    
   12087.5000       24.3128204    
   12100.0000       24.3860779    
   12112.5000       24.4595814    
   12125.0000       24.5329361    
   12137.5000       24.6068726    
   12150.0000       24.6815414    
   12162.5000       24.7561035    
   12175.0000       24.8308716    
   12187.5000       24.9067154    
   12200.0000       24.9827843    
   12212.5000       25.0582466    
   12225.0000       25.1343155    
   12237.5000       25.2115135    
   12250.0000       25.2884903    
   12262.5000       25.3653393    
   12275.0000       25.4433174    
   12287.5000       25.5215874    
   12300.0000       25.5991230    
   12312.5000       25.6771088    
   12325.0000       25.7559166    
   12337.5000       25.8342819    
   12350.0000       25.9123802    
   12362.5000       25.9913635    
   12375.0000       26.0708923    
   12387.5000       26.1500568    
   12400.0000       26.2290611    
   12412.5000       26.3086338    
   12425.0000       26.3886108    
   12437.5000       26.4681511    
   12450.0000       26.5476551    
   12462.5000       26.6280746    
   12475.0000       26.7084541    
   12487.5000       26.7880516    
   12500.0000       26.8685150    
   12512.5000       26.9498825    
   12525.0000       27.0302200    
   12537.5000       27.1105995    
   12550.0000       27.1925735    
   12562.5000       27.2740402    
   12575.0000       27.3545418    
   12587.5000       27.4366436    
   12600.0000       27.5194778    
   12612.5000       27.6009159    
   12625.0000       27.6830654    
   12637.5000       27.7669792    
   12650.0000       27.8500385    
   12662.5000       27.9326992    
   12675.0000       28.0173397    
   12687.5000       28.1021824    
   12700.0000       28.1858253    
   12712.5000       28.2707825    
   12725.0000       28.3570709    
   12737.5000       28.4423351    
   12750.0000       28.5278263    
   12762.5000       28.6147461    
   12775.0000       28.7010384    
   12787.5000       28.7869759    
   12800.0000       28.8744583    
   12812.5000       28.9620705    
   12825.0000       29.0489731    
   12837.5000       29.1369114    
   12850.0000       29.2253532    
   12862.5000       29.3129501    
   12875.0000       29.4010162    
   12887.5000       29.4898453    
   12900.0000       29.5781193    
   12912.5000       29.6663303    
   12925.0000       29.7550697    
   12937.5000       29.8434982    
   12950.0000       29.9319324    
   12962.5000       30.0210934    
   12975.0000       30.1102409    
   12987.5000       30.1990433    
   13000.0000       30.2880993    
   13012.5000       30.3772755    
   13025.0000       30.4663315    
   13037.5000       30.5556145    
   13050.0000       30.6451378    
   13062.5000       30.7348843    
   13075.0000       30.8251534    
   13087.5000       30.9155731    
   13100.0000       31.0057182    
   13112.5000       31.0962543    
   13125.0000       31.1875687    
   13137.5000       31.2790947    
   13150.0000       31.3710194    
   13162.5000       31.4638042    
   13175.0000       31.5567970    
   13187.5000       31.6498089    
   13200.0000       31.7437038    
   13212.5000       31.8384762    
   13225.0000       31.9335766    
   13237.5000       32.0293503    
   13250.0000       32.1261444    
   13262.5000       32.2235031    
   13275.0000       32.3209152    
   13287.5000       32.4186707    
   13300.0000       32.5173569    
   13312.5000       32.6164780    
   13325.0000       32.7153549    
   13337.5000       32.8148651    
   13350.0000       32.9150467    
   13362.5000       33.0141830    
   13375.0000       33.1127167    
   13387.5000       33.2119675    
   13400.0000       33.3101387    
   13412.5000       33.4062119    
   13425.0000       33.5017738    
   13437.5000       33.5956573    
   13450.0000       33.6855011    
   13462.5000       33.7725983    
   13475.0000       33.8573456    
   13487.5000       33.9366722    
   13500.0000       34.0094910    
   13512.5000       34.0764618    
   13525.0000       34.1354637    
   13537.5000       34.1841736    
   13550.0000       34.2223091    
   13562.5000       34.2478943    
   13575.0000       34.2572441    
   13587.5000       34.2484512    
   13600.0000       34.2196465    
   13612.5000       34.1665649    
   13625.0000       34.0853462    
   13637.5000       33.9730148    
   13650.0000       33.8243904    
   13662.5000       33.6335526    
   13675.0000       33.3959351    
   13687.5000       33.1055489    
   13700.0000       32.7545547    
   13712.5000       32.3358765    
   13725.0000       31.8418255    
   13737.5000       31.2629318    
   13750.0000       30.5901890    
   13762.5000       29.8142090    
   13775.0000       28.9235153    
   13787.5000       27.9066925    
   13800.0000       26.7526417    
   13812.5000       25.4487438    
   13825.0000       23.9823112    
   13837.5000       22.3415012    
   13850.0000       20.5130692    
   13862.5000       18.4830475    
   13875.0000       16.2392540    
   13887.5000       13.7700071    
   13900.0000       11.0627642    
   13912.5000       8.10628700    
   13925.0000       4.89160204    
   13937.5000       1.41001296    
   13950.0000      -2.34647131    
   13962.5000      -6.38234615    
   13975.0000      -10.6997395    
   13987.5000      -15.3004837    
   14000.0000      -20.1829109    
   14012.5000      -25.3402462    
   14025.0000      -30.7645226    
   14037.5000      -36.4457321    
   14050.0000      -42.3675499    
   14062.5000      -48.5100670    
   14075.0000      -54.8520660    
   14087.5000      -61.3666687    
   14100.0000      -68.0218735    
   14112.5000      -74.7848206    
   14125.0000      -81.6184235    
   14137.5000      -88.4793015    
   14150.0000      -95.3227386    
   14162.5000      -102.103378    
   14175.0000      -108.770981    
   14187.5000      -115.272598    
   14200.0000      -121.556259    
   14212.5000      -127.568680    
   14225.0000      -133.254730    
   14237.5000      -138.561340    
   14250.0000      -143.437592    
   14262.5000      -147.832535    
   14275.0000      -151.698242    
   14287.5000      -154.991730    
   14300.0000      -157.673309    
   14312.5000      -159.707199    
   14325.0000      -161.064270    
   14337.5000      -161.720917    
   14350.0000      -161.659256    
   14362.5000      -160.869415    
   14375.0000      -159.347916    
   14387.5000      -157.097626    
   14400.0000      -154.130280    
   14412.5000      -150.464722    
   14425.0000      -146.125061    
   14437.5000      -141.143738    
   14450.0000      -135.560150    
   14462.5000      -129.417847    
   14475.0000      -122.766663    
   14487.5000      -115.662384    
   14500.0000      -108.162880    
   14512.5000      -100.329155    
   14525.0000      -92.2266922    
   14537.5000      -83.9213409    
   14550.0000      -75.4783325    
   14562.5000      -66.9645691    
   14575.0000      -58.4461060    
   14587.5000      -49.9855995    
   14600.0000      -41.6440506    
   14612.5000      -33.4801636    
   14625.0000      -25.5475426    
   14637.5000      -17.8950901    
   14650.0000      -10.5679941    
   14662.5000      -3.60607457    
   14675.0000       2.95725727    
   14687.5000       9.09358311    
   14700.0000       14.7796993    
   14712.5000       19.9993267    
   14725.0000       24.7419434    
   14737.5000       29.0008926    
   14750.0000       32.7750931    
   14762.5000       36.0701523    
   14775.0000       38.8950272    
   14787.5000       41.2608109    
   14800.0000       43.1836128    
   14812.5000       44.6836777    
   14825.0000       45.7815933    
   14837.5000       46.4997101    
   14850.0000       46.8640327    
   14862.5000       46.9007111    
   14875.0000       46.6350784    
   14887.5000       46.0948601    
   14900.0000       45.3085327    
   14912.5000       44.3019714    
   14925.0000       43.1008987    
   14937.5000       41.7322197    
   14950.0000       40.2201385    
   14962.5000       38.5857925    
   14975.0000       36.8505478    
   14987.5000       35.0347672    
   15000.0000       33.1549644    
   15012.5000       31.2258968    
   15025.0000       29.2625809    
   15037.5000       27.2779007    
   15050.0000       25.2820816    
   15062.5000       23.2849693    
   15075.0000       21.2950592    
   15087.5000       19.3177414    
   15100.0000       17.3571243    
   15112.5000       15.4166965    
   15125.0000       13.4983616    
   15137.5000       11.6036272    
   15150.0000       9.73332214    
   15162.5000       7.88606071    
   15175.0000       6.06046057    
   15187.5000       4.25570965    
   15200.0000       2.46843624    
   15212.5000      0.694589972    
   15225.0000      -1.06767726    
   15237.5000      -2.82167482    
   15250.0000      -4.57274914    
   15262.5000      -6.32365608    
   15275.0000      -8.07645988    
   15287.5000      -9.83609104    
   15300.0000      -11.6065435    
   15312.5000      -13.3895378    
   15325.0000      -15.1886358    
   15337.5000      -17.0079708    
   15350.0000      -18.8492851    
   15362.5000      -20.7151737    
   15375.0000      -22.6106110    
   15387.5000      -24.5398445    
   15400.0000      -26.5071068    
   15412.5000      -28.5187531    
   15425.0000      -30.5809174    
   15437.5000      -32.6981430    
   15450.0000      -34.8748550    
   15462.5000      -37.1140594    
   15475.0000      -39.4153175    
   15487.5000      -41.7764244    
   15500.0000      -44.1941147    
   15512.5000      -46.6617126    
   15525.0000      -49.1693153    
   15537.5000      -51.7070007    
   15550.0000      -54.2652969    
   15562.5000      -56.8340225    
   15575.0000      -59.4032784    
   15587.5000      -61.9632263    
   15600.0000      -64.5007935    
   15612.5000      -66.9994278    
   15625.0000      -69.4408798    
   15637.5000      -71.8030548    
   15650.0000      -74.0590591    
   15662.5000      -76.1814423    
   15675.0000      -78.1434021    
   15687.5000      -79.9167328    
   15700.0000      -81.4741364    
   15712.5000      -82.7897034    
   15725.0000      -83.8342514    
   15737.5000      -84.5760345    
   15750.0000      -84.9837418    
   15762.5000      -85.0245972    
   15775.0000      -84.6662140    
   15787.5000      -83.8813324    
   15800.0000      -82.6449814    
   15812.5000      -80.9327545    
   15825.0000      -78.7255859    
   15837.5000      -76.0075760    
   15850.0000      -72.7615356    
   15862.5000      -68.9748001    
   15875.0000      -64.6422424    
   15887.5000      -59.7619553    
   15900.0000      -54.3387222    
   15912.5000      -48.3875656    
   15925.0000      -41.9265900    
   15937.5000      -34.9753265    
   15950.0000      -27.5608978    
   15962.5000      -19.7164917    
   15975.0000      -11.4786167    
   15987.5000      -2.89227009    
   16000.0000       5.98875284    
   16012.5000       15.1083746    
   16025.0000       24.4088402    
   16037.5000       33.8284149    
   16050.0000       43.3038101    
   16062.5000       52.7710152    
   16075.0000       62.1621056    
   16087.5000       71.4064255    
   16100.0000       80.4357147    
   16112.5000       89.1845093    
   16125.0000       97.5886078    
   16137.5000       105.588074    
   16150.0000       113.128494    
   16162.5000       120.157166    
   16175.0000       126.624710    
   16187.5000       132.490906    
   16200.0000       137.722565    
   16212.5000       142.289993    
   16225.0000       146.171967    
   16237.5000       149.357300    
   16250.0000       151.838608    
   16262.5000       153.613983    
   16275.0000       154.692810    
   16287.5000       155.091919    
   16300.0000       154.830338    
   16312.5000       153.932892    
   16325.0000       152.432373    
   16337.5000       150.364990    
   16350.0000       147.770752    
   16362.5000       144.696365    
   16375.0000       141.190689    
   16387.5000       137.300140    
   16400.0000       133.072113    
   16412.5000       128.558289    
   16425.0000       123.810837    
   16437.5000       118.879700    
   16450.0000       113.814346    
   16462.5000       108.661644    
   16475.0000       103.462540    
   16487.5000       98.2558441    
   16500.0000       93.0821838    
   16512.5000       87.9785690    
   16525.0000       82.9749908    
   16537.5000       78.0986633    
   16550.0000       73.3735657    
   16562.5000       68.8174973    
   16575.0000       64.4470978    
   16587.5000       60.2800217    
   16600.0000       56.3282471    
   16612.5000       52.5968170    
   16625.0000       49.0894203    
   16637.5000       45.8078613    
   16650.0000       42.7501450    
   16662.5000       39.9146080    
   16675.0000       37.2990417    
   16687.5000       34.8951302    
   16700.0000       32.6918983    
   16712.5000       30.6814880    
   16725.0000       28.8558960    
   16737.5000       27.2046852    
   16750.0000       25.7182007    
   16762.5000       24.3863029    
   16775.0000       23.1962395    
   16787.5000       22.1363945    
   16800.0000       21.1972485    
   16812.5000       20.3682671    
   16825.0000       19.6390610    
   16837.5000       19.0012512    
   16850.0000       18.4462109    
   16862.5000       17.9644718    
   16875.0000       17.5480385    
   16887.5000       17.1908073    
   16900.0000       16.8872795    
   16912.5000       16.6315155    
   16925.0000       16.4168777    
   16937.5000       16.2374153    
   16950.0000       16.0899544    
   16962.5000       15.9736338    
   16975.0000       15.8868380    
   16987.5000       15.8254910    
   17000.0000       15.7846155    
   17012.5000       15.7605162    
   17025.0000       15.7516994    
   17037.5000       15.7579422    
   17050.0000       15.7769871    
   17062.5000       15.8032703    
   17075.0000       15.8317699    
   17087.5000       15.8600874    
   17100.0000       15.8857088    
   17112.5000       15.9047308    
   17125.0000       15.9132528    
   17137.5000       15.9089756    
   17150.0000       15.8938370    
   17162.5000       15.8735905    
   17175.0000       15.8521910    
   17187.5000       15.8302794    
   17200.0000       15.8098307    
   17212.5000       15.7952175    
   17225.0000       15.7897396    
   17237.5000       15.7937346    
   17250.0000       15.8041611    
   17262.5000       15.8154621    
   17275.0000       15.8231478    
   17287.5000       15.8257084    
   17300.0000       15.8221226    
   17312.5000       15.8112240    
   17325.0000       15.7955246    
   17337.5000       15.7819176    
   17350.0000       15.7766361    
   17362.5000       15.7812700    
   17375.0000       15.7929096    
   17387.5000       15.8063450    
   17400.0000       15.8172817    
   17412.5000       15.8240242    
   17425.0000       15.8259964    
   17437.5000       15.8232288    
   17450.0000       15.8179121    
   17462.5000       15.8143806    
   17475.0000       15.8171768    
   17487.5000       15.8278904    
   17500.0000       15.8428040    
   17512.5000       15.8559895    
   17525.0000       15.8639717    
   17537.5000       15.8652973    
   17550.0000       15.8607416    
   17562.5000       15.8557873    
   17575.0000       15.8561382    
   17587.5000       15.8619976    
   17600.0000       15.8714390    
   17612.5000       15.8822899    
   17625.0000       15.8887396    
   17637.5000       15.8861971    
   17650.0000       15.8784323    
   17662.5000       15.8721867    
   17675.0000       15.8704195    
   17687.5000       15.8735857    
   17700.0000       15.8791418    
   17712.5000       15.8815050    
   17725.0000       15.8783407    
   17737.5000       15.8718977    
   17750.0000       15.8638191    
   17762.5000       15.8557596    
   17775.0000       15.8515549    
   17787.5000       15.8526430    
   17800.0000       15.8549519    
   17812.5000       15.8528595    
   17825.0000       15.8446035    
   17837.5000       15.8338776    
   17850.0000       15.8258190    
   17862.5000       15.8219481    
   17875.0000       15.8207893    
   17887.5000       15.8202057    
   17900.0000       15.8172636    
   17912.5000       15.8102207    
   17925.0000       15.8009548    
   17937.5000       15.7928829    
   17950.0000       15.7887392    
   17962.5000       15.7891016    
   17975.0000       15.7895603    
   17987.5000       15.7840729    
   18000.0000       15.7732477    
   18012.5000       15.7630348    
   18025.0000       15.7570696    
   18037.5000       15.7551546    
   18050.0000       15.7541351    
   18062.5000       15.7489233    
   18075.0000       15.7383404    
   18087.5000       15.7268639    
   18100.0000       15.7182989    
   18112.5000       15.7131310    
   18125.0000       15.7095375    
   18137.5000       15.7029858    
   18150.0000       15.6910276    
   18162.5000       15.6777020    
   18175.0000       15.6671524    
   18187.5000       15.6590576    
   18200.0000       15.6519699    
   18212.5000       15.6429434    
   18225.0000       15.6288223    
   18237.5000       15.6129894    
   18250.0000       15.6011734    
   18262.5000       15.5916748    
   18275.0000       15.5800886    
   18287.5000       15.5664577    
   18300.0000       15.5517607    
   18312.5000       15.5364561    
   18325.0000       15.5223703    
   18337.5000       15.5095329    
   18350.0000       15.4961720    
   18362.5000       15.4825563    
   18375.0000       15.4685736    
   18387.5000       15.4523878    
   18400.0000       15.4356213    
   18412.5000       15.4220238    
   18425.0000       15.4103718    
   18437.5000       15.3962955    
   18450.0000       15.3792028    
   18462.5000       15.3623495    
   18475.0000       15.3482370    
   18487.5000       15.3359995    
   18500.0000       15.3226814    
   18512.5000       15.3068285    
   18525.0000       15.2897491    
   18537.5000       15.2736492    
   18550.0000       15.2599945    
   18562.5000       15.2477570    
   18575.0000       15.2333679    
   18587.5000       15.2156305    
   18600.0000       15.1979008    
   18612.5000       15.1829414    
   18625.0000       15.1699314    
   18637.5000       15.1561823    
   18650.0000       15.1389923    
   18662.5000       15.1196785    
   18675.0000       15.1038065    
   18687.5000       15.0918465    
   18700.0000       15.0772800    
   18712.5000       15.0581245    
   18725.0000       15.0394783    
   18737.5000       15.0240259    
   18750.0000       15.0097160    
   18762.5000       14.9942722    
   18775.0000       14.9769030    
   18787.5000       14.9589243    
   18800.0000       14.9426174    
   18812.5000       14.9277935    
   18825.0000       14.9122353    
   18837.5000       14.8949947    
   18850.0000       14.8771896    
   18862.5000       14.8607397    
   18875.0000       14.8459930    
   18887.5000       14.8306599    
   18900.0000       14.8130846    
   18912.5000       14.7947969    
   18925.0000       14.7778711    
   18937.5000       14.7619343    
   18950.0000       14.7448406    
   18962.5000       14.7256355    
   18975.0000       14.7061291    
   18987.5000       14.6879826    
   19000.0000       14.6697464    
   19012.5000       14.6493206    
   19025.0000       14.6271687    
   19037.5000       14.6050625    
   19050.0000       14.5835037    
   19062.5000       14.5610065    
   19075.0000       14.5362520    
   19087.5000       14.5106182    
   19100.0000       14.4854679    
   19112.5000       14.4589272    
   19125.0000       14.4299955    
   19137.5000       14.4009914    
   19150.0000       14.3723240    
   19162.5000       14.3418407    
   19175.0000       14.3097086    
   19187.5000       14.2773476    
   19200.0000       14.2445698    
   19212.5000       14.2112093    
   19225.0000       14.1771488    
   19237.5000       14.1416645    
   19250.0000       14.1057577    
   19262.5000       14.0706577    
   19275.0000       14.0347004    
   19287.5000       13.9971561    
   19300.0000       13.9604549    
   19312.5000       13.9246864    
   19325.0000       13.8874130    
   19337.5000       13.8495331    
   19350.0000       13.8131800    
   19362.5000       13.7769318    
   19375.0000       13.7396574    
   19387.5000       13.7031517    
   19400.0000       13.6675482    
   19412.5000       13.6313076    
   19425.0000       13.5952358    
   19437.5000       13.5602951    
   19450.0000       13.5253010    
   19462.5000       13.4900465    
   19475.0000       13.4554195    
   19487.5000       13.4210949    
   19500.0000       13.3870745    
   19512.5000       13.3537960    
   19525.0000       13.3199921    
   19537.5000       13.2851763    
   19550.0000       13.2513847    
   19562.5000       13.2188740    
   19575.0000       13.1852837    
   19587.5000       13.1505661    
   19600.0000       13.1168089    
   19612.5000       13.0836163    
   19625.0000       13.0490885    
   19637.5000       13.0137167    
   19650.0000       12.9789524    
   19662.5000       12.9443359    
   19675.0000       12.9087648    
   19687.5000       12.8722038    
   19700.0000       12.8353567    
   19712.5000       12.7987967    
   19725.0000       12.7617722    
   19737.5000       12.7232313    
   19750.0000       12.6842899    
   19762.5000       12.6459923    
   19775.0000       12.6067085    
   19787.5000       12.5658875    
   19800.0000       12.5252857    
   19812.5000       12.4846344    
   19825.0000       12.4427032    
   19837.5000       12.4003448    
   19850.0000       12.3577366    
   19862.5000       12.3140736    
   19875.0000       12.2702389    
   19887.5000       12.2263889    
   19900.0000       12.1809368    
   19912.5000       12.1342735    
   19925.0000       12.0878487    
   19937.5000       12.0411148    
   19950.0000       11.9932861    
   19962.5000       11.9445171    
   19975.0000       11.8948689    
   19987.5000       11.8449764    
   20000.0000       11.7952986    
   20012.5000       11.7445126    
   20025.0000       11.6920891    
   20037.5000       11.6398430    
   20050.0000       11.5882292    
   20062.5000       11.5353079    
   20075.0000       11.4808273    
   20087.5000       11.4265995    
   20100.0000       11.3725243    
   20112.5000       11.3169060    
   20125.0000       11.2602262    
   20137.5000       11.2042961    
   20150.0000       11.1486588    
   20162.5000       11.0916233    
   20175.0000       11.0336399    
   20187.5000       10.9763966    
   20200.0000       10.9196358    
   20212.5000       10.8616962    
   20225.0000       10.8026705    
   20237.5000       10.7441616    
   20250.0000       10.6861849    
   20262.5000       10.6274843    
   20275.0000       10.5681400    
   20287.5000       10.5090752    
   20300.0000       10.4503899    
   20312.5000       10.3915424    
   20325.0000       10.3319178    
   20337.5000       10.2716665    
   20350.0000       10.2116394    
   20362.5000       10.1514683    
   20375.0000       10.0903645    
   20387.5000       10.0292778    
   20400.0000       9.96841431    
   20412.5000       9.90615845    
   20425.0000       9.84293365    
   20437.5000       9.78015709    
   20450.0000       9.71661377    
   20462.5000       9.65151596    
   20475.0000       9.58634377    
   20487.5000       9.52110100    
   20500.0000       9.45456505    
   20512.5000       9.38694572    
   20525.0000       9.31893158    
   20537.5000       9.25056553    
   20550.0000       9.18116379    
   20562.5000       9.11006546    
   20575.0000       9.03865433    
   20587.5000       8.96804333    
   20600.0000       8.89582062    
   20612.5000       8.82101440    
   20625.0000       8.74672413    
   20637.5000       8.67319393    
   20650.0000       8.59742928    
   20662.5000       8.52030945    
   20675.0000       8.44434357    
   20687.5000       8.36811256    
   20700.0000       8.29013824    
   20712.5000       8.21185207    
   20725.0000       8.13370895    
   20737.5000       8.05485916    
   20750.0000       7.97574949    
   20762.5000       7.89645004    
   20775.0000       7.81611967    
   20787.5000       7.73555183    
   20800.0000       7.65556908    
   20812.5000       7.57489443    
   20825.0000       7.49313450    
   20837.5000       7.41152287    
   20850.0000       7.33004665    
   20862.5000       7.24810076    
   20875.0000       7.16568470    
   20887.5000       7.08254576    
   20900.0000       6.99922752    
   20912.5000       6.91643524    
   20925.0000       6.83277035    
   20937.5000       6.74788952    
   20950.0000       6.66394520    
   20962.5000       6.58021927    
   20975.0000       6.49424458    
   20987.5000       6.40794563    
   21000.0000       6.32350731    
   21012.5000       6.23813152    
   21025.0000       6.15030718    
   21037.5000       6.06307220    
   21050.0000       5.97704887    
   21062.5000       5.88949966    
   21075.0000       5.80069256    
   21087.5000       5.71267891    
   21100.0000       5.62439346    
   21112.5000       5.53445578    
   21125.0000       5.44416904    
   21137.5000       5.35421705    
   21150.0000       5.26350212    
   21162.5000       5.17163372    
   21175.0000       5.07893467    
   21187.5000       4.98570442    
   21200.0000       4.89229393    
   21212.5000       4.79823065    
   21225.0000       4.70279503    
   21237.5000       4.60637331    
   21250.0000       4.50940895    
   21262.5000       4.41159678    
   21275.0000       4.31252098    
   21287.5000       4.21202707    
   21300.0000       4.11067438    
   21312.5000       4.00878382    
   21325.0000       3.90520358    
   21337.5000       3.79968286    
   21350.0000       3.69364500    
   21362.5000       3.58672857    
   21375.0000       3.47755289    
   21387.5000       3.36704469    
   21400.0000       3.25617170    
   21412.5000       3.14375401    
   21425.0000       3.02923155    
   21437.5000       2.91382599    
   21450.0000       2.79813337    
   21462.5000       2.68100667    
   21475.0000       2.56172466    
   21487.5000       2.44170046    
   21500.0000       2.32171655    
   21512.5000       2.20022058    
   21525.0000       2.07722497    
   21537.5000       1.95454168    
   21550.0000       1.83131170    
   21562.5000       1.70631921    
   21575.0000       1.58146429    
   21587.5000       1.45709920    
   21600.0000       1.33110595    
   21612.5000       1.20441103    
   21625.0000       1.07884359    
   21637.5000      0.952781081    
   21650.0000      0.825595438    
   21662.5000      0.699174166    
   21675.0000      0.572750807    
   21687.5000      0.444841355    
   21700.0000      0.317331344    
   21712.5000      0.190769374    
   21725.0000       6.30021468E-02
   21737.5000      -6.51471242E-02
   21750.0000     -0.192164972    
   21762.5000     -0.320218444    
   21775.0000     -0.449654579    
   21787.5000     -0.577810526    
   21800.0000     -0.705817640    
   21812.5000     -0.836036801    
   21825.0000     -0.966452420    
   21837.5000      -1.09590220    
   21850.0000      -1.22684491    
   21862.5000      -1.35955322    
   21875.0000      -1.49204659    
   21887.5000      -1.62475657    
   21900.0000      -1.75931108    
   21912.5000      -1.89518523    
   21925.0000      -2.03089476    
   21937.5000      -2.16714215    
   21950.0000      -2.30561018    
   21962.5000      -2.44518280    
   21975.0000      -2.58448362    
   21987.5000      -2.72553492    
   22000.0000      -2.86868811    
   22012.5000      -3.01129246    
