  -987.500000       0.00000000    
  -975.000000       0.00000000    
  -962.500000       0.00000000    
  -950.000000       0.00000000    
  -937.500000       0.00000000    
  -925.000000       0.00000000    
  -912.500000       0.00000000    
  -900.000000       0.00000000    
  -887.500000       0.00000000    
  -875.000000       0.00000000    
  -862.500000       0.00000000    
  -850.000000       0.00000000    
  -837.500000       0.00000000    
  -825.000000       0.00000000    
  -812.500000       0.00000000    
  -800.000000       0.00000000    
  -787.500000       0.00000000    
  -775.000000       0.00000000    
  -762.500000       0.00000000    
  -750.000000       0.00000000    
  -737.500000       0.00000000    
  -725.000000       0.00000000    
  -712.500000       0.00000000    
  -700.000000       0.00000000    
  -687.500000       0.00000000    
  -675.000000       0.00000000    
  -662.500000       0.00000000    
  -650.000000       0.00000000    
  -637.500000       0.00000000    
  -625.000000       0.00000000    
  -612.500000       0.00000000    
  -600.000000       0.00000000    
  -587.500000       0.00000000    
  -575.000000       0.00000000    
  -562.500000       0.00000000    
  -550.000000       0.00000000    
  -537.500000       0.00000000    
  -525.000000       0.00000000    
  -512.500000       0.00000000    
  -500.000000       0.00000000    
  -487.500000       0.00000000    
  -475.000000       0.00000000    
  -462.500000       0.00000000    
  -450.000000       0.00000000    
  -437.500000       0.00000000    
  -425.000000       0.00000000    
  -412.500000       0.00000000    
  -400.000000       0.00000000    
  -387.500000       0.00000000    
  -375.000000       0.00000000    
  -362.500000       0.00000000    
  -350.000000       0.00000000    
  -337.500000       0.00000000    
  -325.000000       0.00000000    
  -312.500000       0.00000000    
  -300.000000       0.00000000    
  -287.500000       0.00000000    
  -275.000000       0.00000000    
  -262.500000       0.00000000    
  -250.000000       0.00000000    
  -237.500000       0.00000000    
  -225.000000       0.00000000    
  -212.500000       0.00000000    
  -200.000000       0.00000000    
  -187.500000       0.00000000    
  -175.000000       0.00000000    
  -162.500000       0.00000000    
  -150.000000       0.00000000    
  -137.500000       0.00000000    
  -125.000000       0.00000000    
  -112.500000       0.00000000    
  -100.000000       0.00000000    
  -87.5000000       0.00000000    
  -75.0000000       0.00000000    
  -62.5000000       0.00000000    
  -50.0000000       0.00000000    
  -37.5000000       0.00000000    
  -25.0000000       0.00000000    
  -12.5000000       0.00000000    
   0.00000000       0.00000000    
   12.5000000       0.00000000    
   25.0000000       0.00000000    
   37.5000000       0.00000000    
   50.0000000       0.00000000    
   62.5000000       0.00000000    
   75.0000000       0.00000000    
   87.5000000       0.00000000    
   100.000000       0.00000000    
   112.500000       0.00000000    
   125.000000       0.00000000    
   137.500000       0.00000000    
   150.000000       0.00000000    
   162.500000       0.00000000    
   175.000000       0.00000000    
   187.500000       0.00000000    
   200.000000       0.00000000    
   212.500000       0.00000000    
   225.000000       0.00000000    
   237.500000       0.00000000    
   250.000000       0.00000000    
   262.500000       0.00000000    
   275.000000       0.00000000    
   287.500000       0.00000000    
   300.000000       0.00000000    
   312.500000       0.00000000    
   325.000000       0.00000000    
   337.500000       0.00000000    
   350.000000       0.00000000    
   362.500000       0.00000000    
   375.000000       0.00000000    
   387.500000       0.00000000    
   400.000000       0.00000000    
   412.500000       0.00000000    
   425.000000       0.00000000    
   437.500000       0.00000000    
   450.000000       0.00000000    
   462.500000       0.00000000    
   475.000000       0.00000000    
   487.500000       0.00000000    
   500.000000       0.00000000    
   512.500000       0.00000000    
   525.000000       0.00000000    
   537.500000       0.00000000    
   550.000000       0.00000000    
   562.500000       0.00000000    
   575.000000       0.00000000    
   587.500000       0.00000000    
   600.000000       0.00000000    
   612.500000       0.00000000    
   625.000000       0.00000000    
   637.500000       0.00000000    
   650.000000       0.00000000    
   662.500000       0.00000000    
   675.000000       0.00000000    
   687.500000       0.00000000    
   700.000000       0.00000000    
   712.500000       0.00000000    
   725.000000       0.00000000    
   737.500000       0.00000000    
   750.000000       0.00000000    
   762.500000       0.00000000    
   775.000000       0.00000000    
   787.500000       0.00000000    
   800.000000       0.00000000    
   812.500000       1.83009579E-42
   825.000000       7.34000136E-42
   837.500000       2.68460760E-41
   850.000000       7.97506982E-41
   862.500000       2.70246014E-40
   875.000000       9.78287096E-40
   887.500000       3.58858384E-39
   900.000000       1.31766407E-38
   912.500000       4.80706638E-38
   925.000000       1.73816624E-37
   937.500000       6.22380637E-37
   950.000000       2.20599911E-36
   962.500000       7.73833298E-36
   975.000000       2.68599856E-35
   987.500000       9.22406055E-35
   1000.00000       3.13369575E-34
   1012.50000       1.05314045E-33
   1025.00000       3.50106666E-33
   1037.50000       1.15132633E-32
   1050.00000       3.74528428E-32
   1062.50000       1.20522002E-31
   1075.00000       3.83663230E-31
   1087.50000       1.20820996E-30
   1100.00000       3.76398445E-30
   1112.50000       1.16003124E-29
   1125.00000       3.53680483E-29
   1137.50000       1.06678030E-28
   1150.00000       3.18321288E-28
   1162.50000       9.39701087E-28
   1175.00000       2.74445768E-27
   1187.50000       7.93010052E-27
   1200.00000       2.26710366E-26
   1212.50000       6.41285737E-26
   1225.00000       1.79488795E-25
   1237.50000       4.97102474E-25
   1250.00000       1.36236545E-24
   1262.50000       3.69483397E-24
   1275.00000       9.91659058E-24
   1287.50000       2.63394519E-23
   1300.00000       6.92369017E-23
   1312.50000       1.80120686E-22
   1325.00000       4.63759689E-22
   1337.50000       1.18177149E-21
   1350.00000       2.98052501E-21
   1362.50000       7.44009298E-21
   1375.00000       1.83822086E-20
   1387.50000       4.49529430E-20
   1400.00000       1.08809613E-19
   1412.50000       2.60694991E-19
   1425.00000       6.18247404E-19
   1437.50000       1.45132468E-18
   1450.00000       3.37246871E-18
   1462.50000       7.75748921E-18
   1475.00000       1.76641624E-17
   1487.50000       3.98173546E-17
   1500.00000       8.88520820E-17
   1512.50000       1.96284837E-16
   1525.00000       4.29277092E-16
   1537.50000       9.29454335E-16
   1550.00000       1.99234749E-15
   1562.50000       4.22820763E-15
   1575.00000       8.88401528E-15
   1587.50000       1.84812764E-14
   1600.00000       3.80655793E-14
   1612.50000       7.76281911E-14
   1625.00000       1.56747987E-13
   1637.50000       3.13393246E-13
   1650.00000       6.20429489E-13
   1662.50000       1.21624369E-12
   1675.00000       2.36093740E-12
   1687.50000       4.53831417E-12
   1700.00000       8.63894980E-12
   1712.50000       1.62852353E-11
   1725.00000       3.04021183E-11
   1737.50000       5.62082741E-11
   1750.00000       1.02918590E-10
   1762.50000       1.86636054E-10
   1775.00000       3.35210110E-10
   1787.50000       5.96309557E-10
   1800.00000       1.05068854E-09
   1812.50000       1.83374604E-09
   1825.00000       3.17018323E-09
   1837.50000       5.42909850E-09
   1850.00000       9.21061183E-09
   1862.50000       1.54805697E-08
   1875.00000       2.57777248E-08
   1887.50000       4.25288533E-08
   1900.00000       6.95229261E-08
   1912.50000       1.12616632E-07
   1925.00000       1.80773100E-07
   1937.50000       2.87574323E-07
   1950.00000       4.53400645E-07
   1962.50000       7.08537243E-07
   1975.00000       1.09755808E-06
   1987.50000       1.68544841E-06
   2000.00000       2.56606700E-06
   2012.50000       3.87373075E-06
   2025.00000       5.79891457E-06
   2037.50000       8.60932141E-06
   2050.00000       1.26778978E-05
   2062.50000       1.85197314E-05
   2075.00000       2.68402327E-05
   2087.50000       3.85975145E-05
   2100.00000       5.50825171E-05
   2112.50000       7.80210685E-05
   2125.00000       1.09703135E-04
   2137.50000       1.53145156E-04
   2150.00000       2.12292871E-04
   2162.50000       2.92273180E-04
   2175.00000       3.99705110E-04
   2187.50000       5.43082308E-04
   2200.00000       7.33240973E-04
   2212.50000       9.83930076E-04
   2225.00000       1.31250499E-03
   2237.50000       1.74076506E-03
   2250.00000       2.29596556E-03
   2262.50000       3.01203597E-03
   2275.00000       3.93103668E-03
   2287.50000       5.10490220E-03
   2300.00000       6.59751287E-03
   2312.50000       8.48716684E-03
   2325.00000       1.08694844E-02
   2337.50000       1.38608366E-02
   2350.00000       1.76023766E-02
   2362.50000       2.22647171E-02
   2375.00000       2.80533861E-02
   2387.50000       3.52151766E-02
   2400.00000       4.40453477E-02
   2412.50000       5.48959672E-02
   2425.00000       6.81853443E-02
   2437.50000       8.44087601E-02
   2450.00000      0.104150437    
   2462.50000      0.128097072    
   2475.00000      0.157052696    
   2487.50000      0.191955090    
   2500.00000      0.233894080    
   2512.50000      0.284130812    
   2525.00000      0.344119102    
   2537.50000      0.415527999    
   2550.00000      0.500265360    
   2562.50000      0.600503325    
   2575.00000      0.718704283    
   2587.50000      0.857646346    
   2600.00000       1.02045095    
   2612.50000       1.21060896    
   2625.00000       1.43200517    
   2637.50000       1.68894243    
   2650.00000       1.98616123    
   2662.50000       2.32885981    
   2675.00000       2.72270584    
   2687.50000       3.17384601    
   2700.00000       3.68890548    
   2712.50000       4.27498055    
   2725.00000       4.93962622    
   2737.50000       5.69083261    
   2750.00000       6.53698111    
   2762.50000       7.48680258    
   2775.00000       8.54930973    
   2787.50000       9.73372078    
   2800.00000       11.0493698    
   2812.50000       12.5055895    
   2825.00000       14.1115971    
   2837.50000       15.8763475    
   2850.00000       17.8083668    
   2862.50000       19.9156075    
   2875.00000       22.2052536    
   2887.50000       24.6835136    
   2900.00000       27.3554115    
   2912.50000       30.2245979    
   2925.00000       33.2931290    
   2937.50000       36.5612411    
   2950.00000       40.0271530    
   2962.50000       43.6868439    
   2975.00000       47.5339355    
   2987.50000       51.5594482    
   3000.00000       55.7516479    
   3012.50000       60.0960541    
   3025.00000       64.5752029    
   3037.50000       69.1687317    
   3050.00000       73.8533707    
   3062.50000       78.6029510    
   3075.00000       83.3885117    
   3087.50000       88.1785202    
   3100.00000       92.9389572    
   3112.50000       97.6337433    
   3125.00000       102.224976    
   3137.50000       106.673271    
   3150.00000       110.938263    
   3162.50000       114.979019    
   3175.00000       118.754524    
   3187.50000       122.224274    
   3200.00000       125.348808    
   3212.50000       128.090149    
   3225.00000       130.412460    
   3237.50000       132.282852    
   3250.00000       133.671417    
   3262.50000       134.551941    
   3275.00000       134.902771    
   3287.50000       134.706665    
   3300.00000       133.951324    
   3312.50000       132.629852    
   3325.00000       130.740845    
   3337.50000       128.288528    
   3350.00000       125.282738    
   3362.50000       121.738953    
   3375.00000       117.678200    
   3387.50000       113.126839    
   3400.00000       108.116089    
   3412.50000       102.681938    
   3425.00000       96.8644409    
   3437.50000       90.7070923    
   3450.00000       84.2567139    
   3462.50000       77.5626297    
   3475.00000       70.6756287    
   3487.50000       63.6479988    
   3500.00000       56.5325089    
   3512.50000       49.3813858    
   3525.00000       42.2461929    
   3537.50000       35.1771240    
   3550.00000       28.2220974    
   3562.50000       21.4265862    
   3575.00000       14.8330498    
   3587.50000       8.48022652    
   3600.00000       2.40318489    
   3612.50000      -3.36710000    
   3625.00000      -8.80428314    
   3637.50000      -13.8866062    
   3650.00000      -18.5970039    
   3662.50000      -22.9230423    
   3675.00000      -26.8567810    
   3687.50000      -30.3948860    
   3700.00000      -33.5380630    
   3712.50000      -36.2902946    
   3725.00000      -38.6589279    
   3737.50000      -40.6542320    
   3750.00000      -42.2889442    
   3762.50000      -43.5785294    
   3775.00000      -44.5409622    
   3787.50000      -45.1961670    
   3800.00000      -45.5657578    
   3812.50000      -45.6718979    
   3825.00000      -45.5366135    
   3837.50000      -45.1822662    
   3850.00000      -44.6315384    
   3862.50000      -43.9066925    
   3875.00000      -43.0300140    
   3887.50000      -42.0232925    
   3900.00000      -40.9066238    
   3912.50000      -39.6985741    
   3925.00000      -38.4167213    
   3937.50000      -37.0775986    
   3950.00000      -35.6967468    
   3962.50000      -34.2883987    
   3975.00000      -32.8650589    
   3987.50000      -31.4377518    
   4000.00000      -30.0162640    
   4012.50000      -28.6091042    
   4025.00000      -27.2235451    
   4037.50000      -25.8654232    
   4050.00000      -24.5394630    
   4062.50000      -23.2499027    
   4075.00000      -22.0000229    
   4087.50000      -20.7918549    
   4100.00000      -19.6268177    
   4112.50000      -18.5057716    
   4125.00000      -17.4288197    
   4137.50000      -16.3957348    
   4150.00000      -15.4057322    
   4162.50000      -14.4573898    
   4175.00000      -13.5495653    
   4187.50000      -12.6813765    
   4200.00000      -11.8513975    
   4212.50000      -11.0578432    
   4225.00000      -10.2991753    
   4237.50000      -9.57467937    
   4250.00000      -8.88502502    
   4262.50000      -8.23175335    
   4275.00000      -7.61650848    
   4287.50000      -7.04075336    
   4300.00000      -6.50445509    
   4312.50000      -6.00446463    
   4325.00000      -5.53489447    
   4337.50000      -5.08867788    
   4350.00000      -4.65923786    
   4362.50000      -4.24225998    
   4375.00000      -3.83631778    
   4387.50000      -3.44237185    
   4400.00000      -3.06299591    
   4412.50000      -2.70035982    
   4425.00000      -2.35367393    
   4437.50000      -2.01906800    
   4450.00000      -1.69224310    
   4462.50000      -1.37150156    
   4475.00000      -1.05853939    
   4487.50000     -0.756000280    
   4500.00000     -0.464361250    
   4512.50000     -0.181362927    
   4525.00000       9.60535258E-02
   4537.50000      0.369113415    
   4550.00000      0.636252224    
   4562.50000      0.895510375    
   4575.00000       1.14750266    
   4587.50000       1.39470005    
   4600.00000       1.63836300    
   4612.50000       1.87765861    
   4625.00000       2.11152315    
   4637.50000       2.34025478    
   4650.00000       2.56513405    
   4662.50000       2.78699112    
   4675.00000       3.00549126    
   4687.50000       3.22006369    
   4700.00000       3.43113208    
   4712.50000       3.63951588    
   4725.00000       3.84527969    
   4737.50000       4.04836416    
   4750.00000       4.24916506    
   4762.50000       4.44767475    
   4775.00000       4.64367485    
   4787.50000       4.83769608    
   4800.00000       5.03031015    
   4812.50000       5.22130680    
   4825.00000       5.41043758    
   4837.50000       5.59802675    
   4850.00000       5.78462315    
   4862.50000       5.97032547    
   4875.00000       6.15469265    
   4887.50000       6.33773422    
   4900.00000       6.52021122    
   4912.50000       6.70237637    
   4925.00000       6.88368940    
   4937.50000       7.06399965    
   4950.00000       7.24384451    
   4962.50000       7.42363358    
   4975.00000       7.60315371    
   4987.50000       7.78211164    
   5000.00000       7.96088409    
   5012.50000       8.13988304    
   5025.00000       8.31874847    
   5037.50000       8.49731445    
   5050.00000       8.67623806    
   5062.50000       8.85578918    
   5075.00000       9.03546524    
   5087.50000       9.21505928    
   5100.00000       9.39514542    
   5112.50000       9.57627678    
   5125.00000       9.75808620    
   5137.50000       9.94010353    
   5150.00000       10.1230001    
   5162.50000       10.3074112    
   5175.00000       10.4927540    
   5187.50000       10.6786594    
   5200.00000       10.8657541    
   5212.50000       11.0544758    
   5225.00000       11.2446804    
   5237.50000       11.4362869    
   5250.00000       11.6295853    
   5262.50000       11.8249140    
   5275.00000       12.0220833    
   5287.50000       12.2209034    
   5300.00000       12.4219294    
   5312.50000       12.6254845    
   5325.00000       12.8312273    
   5337.50000       13.0393581    
   5350.00000       13.2503300    
   5362.50000       13.4639120    
   5375.00000       13.6800766    
   5387.50000       13.8994255    
   5400.00000       14.1222105    
   5412.50000       14.3482056    
   5425.00000       14.5774174    
   5437.50000       14.8102245    
   5450.00000       15.0469561    
   5462.50000       15.2875662    
   5475.00000       15.5320988    
   5487.50000       15.7809792    
   5500.00000       16.0343838    
   5512.50000       16.2922993    
   5525.00000       16.5551224    
   5537.50000       16.8231888    
   5550.00000       17.0964890    
   5562.50000       17.3752155    
   5575.00000       17.6598301    
   5587.50000       17.9507465    
   5600.00000       18.2482796    
   5612.50000       18.5525665    
   5625.00000       18.8638763    
   5637.50000       19.1828346    
   5650.00000       19.5100060    
   5662.50000       19.8456764    
   5675.00000       20.1902428    
   5687.50000       20.5443249    
   5700.00000       20.9085293    
   5712.50000       21.2833710    
   5725.00000       21.6695309    
   5737.50000       22.0679245    
   5750.00000       22.4791679    
   5762.50000       22.9037781    
   5775.00000       23.3429794    
   5787.50000       23.7980747    
   5800.00000       24.2695370    
   5812.50000       24.7581024    
   5825.00000       25.2655373    
   5837.50000       25.7933750    
   5850.00000       26.3423882    
   5862.50000       26.9136848    
   5875.00000       27.5092068    
   5887.50000       28.1307793    
   5900.00000       28.7796383    
   5912.50000       29.4572792    
   5925.00000       30.1657906    
   5937.50000       30.9071159    
   5950.00000       31.6829529    
   5962.50000       32.4952164    
   5975.00000       33.3459396    
   5987.50000       34.2369995    
   6000.00000       35.1702156    
   6012.50000       36.1473808    
   6025.00000       37.1702347    
   6037.50000       38.2404213    
   6050.00000       39.3593903    
   6062.50000       40.5282059    
   6075.00000       41.7475967    
   6087.50000       43.0179825    
   6100.00000       44.3394279    
   6112.50000       45.7114868    
   6125.00000       47.1328583    
   6137.50000       48.6016846    
   6150.00000       50.1154709    
   6162.50000       51.6707649    
   6175.00000       53.2629623    
   6187.50000       54.8864632    
   6200.00000       56.5347443    
   6212.50000       58.1999397    
   6225.00000       59.8728867    
   6237.50000       61.5431862    
   6250.00000       63.1988831    
   6262.50000       64.8265152    
   6275.00000       66.4115677    
   6287.50000       67.9379654    
   6300.00000       69.3877640    
   6312.50000       70.7420731    
   6325.00000       71.9813385    
   6337.50000       73.0842056    
   6350.00000       74.0280914    
   6362.50000       74.7903137    
   6375.00000       75.3476868    
   6387.50000       75.6760559    
   6400.00000       75.7516327    
   6412.50000       75.5514069    
   6425.00000       75.0523987    
   6437.50000       74.2323990    
   6450.00000       73.0712814    
   6462.50000       71.5507355    
   6475.00000       69.6537399    
   6487.50000       67.3658752    
   6500.00000       64.6765137    
   6512.50000       61.5781021    
   6525.00000       58.0660019    
   6537.50000       54.1397781    
   6550.00000       49.8035660    
   6562.50000       45.0654221    
   6575.00000       39.9376984    
   6587.50000       34.4376297    
   6600.00000       28.5872688    
   6612.50000       22.4131126    
   6625.00000       15.9458122    
   6637.50000       9.22017288    
   6650.00000       2.27524805    
   6662.50000      -4.84629440    
   6675.00000      -12.0990229    
   6687.50000      -19.4348183    
   6700.00000      -26.8029594    
   6712.50000      -34.1512032    
   6725.00000      -41.4268837    
   6737.50000      -48.5771332    
   6750.00000      -55.5490265    
   6762.50000      -62.2908096    
   6775.00000      -68.7530518    
   6787.50000      -74.8885193    
   6800.00000      -80.6523819    
   6812.50000      -86.0038376    
   6825.00000      -90.9069366    
   6837.50000      -95.3296661    
   6850.00000      -99.2446594    
   6862.50000      -102.630569    
   6875.00000      -105.471603    
   6887.50000      -107.756683    
   6900.00000      -109.480713    
   6912.50000      -110.645004    
   6925.00000      -111.255798    
   6937.50000      -111.324028    
   6950.00000      -110.866379    
   6962.50000      -109.904472    
   6975.00000      -108.463295    
   6987.50000      -106.571747    
   7000.00000      -104.262825    
   7012.50000      -101.571808    
   7025.00000      -98.5355301    
   7037.50000      -95.1929855    
   7050.00000      -91.5846786    
   7062.50000      -87.7510376    
   7075.00000      -83.7321396    
   7087.50000      -79.5678558    
   7100.00000      -75.2969894    
   7112.50000      -70.9560089    
   7125.00000      -66.5793152    
   7137.50000      -62.1999893    
   7150.00000      -57.8485641    
   7162.50000      -53.5522346    
   7175.00000      -49.3362656    
   7187.50000      -45.2241516    
   7200.00000      -41.2357941    
   7212.50000      -37.3876457    
   7225.00000      -33.6944389    
   7237.50000      -30.1679878    
   7250.00000      -26.8157368    
   7262.50000      -23.6426086    
   7275.00000      -20.6528282    
   7287.50000      -17.8485947    
   7300.00000      -15.2291346    
   7312.50000      -12.7924376    
   7325.00000      -10.5358963    
   7337.50000      -8.45462990    
   7350.00000      -6.54161501    
   7362.50000      -4.78950310    
   7375.00000      -3.19073105    
   7387.50000      -1.73729599    
   7400.00000     -0.421342969    
   7412.50000      0.765435040    
   7425.00000       1.83223009    
   7437.50000       2.78807783    
   7450.00000       3.64185381    
   7462.50000       4.40250301    
   7475.00000       5.07776833    
   7487.50000       5.67438126    
   7500.00000       6.19970894    
   7512.50000       6.66138411    
   7525.00000       7.06624603    
   7537.50000       7.42048693    
   7550.00000       7.72939301    
   7562.50000       7.99705124    
   7575.00000       8.22726154    
   7587.50000       8.42416191    
   7600.00000       8.59169674    
   7612.50000       8.73281765    
   7625.00000       8.84945583    
   7637.50000       8.94325066    
   7650.00000       9.01592541    
   7662.50000       9.06928635    
   7675.00000       9.10581303    
   7687.50000       9.12876606    
   7700.00000       9.14168739    
   7712.50000       9.14907169    
   7725.00000       9.15674877    
   7737.50000       9.17009735    
   7750.00000       9.19216061    
   7762.50000       9.22319794    
   7775.00000       9.26127815    
   7787.50000       9.30333424    
   7800.00000       9.34539032    
   7812.50000       9.38301086    
   7825.00000       9.41361427    
   7837.50000       9.43755150    
   7850.00000       9.45737934    
   7862.50000       9.47849274    
   7875.00000       9.50689983    
   7887.50000       9.54286194    
   7900.00000       9.58105946    
   7912.50000       9.61718941    
   7925.00000       9.64904785    
   7937.50000       9.67526436    
   7950.00000       9.69834709    
   7962.50000       9.72344589    
   7975.00000       9.75249767    
   7987.50000       9.78482819    
   8000.00000       9.81960583    
   8012.50000       9.85305214    
   8025.00000       9.88038063    
   8037.50000       9.90309525    
   8050.00000       9.92735767    
   8062.50000       9.95622063    
   8075.00000       9.98869133    
   8087.50000       10.0220604    
   8100.00000       10.0522289    
   8112.50000       10.0772495    
   8125.00000       10.1008816    
   8137.50000       10.1281958    
   8150.00000       10.1597700    
   8162.50000       10.1926785    
   8175.00000       10.2236090    
   8187.50000       10.2506847    
   8200.00000       10.2757483    
   8212.50000       10.3035574    
   8225.00000       10.3361835    
   8237.50000       10.3703423    
   8250.00000       10.4015293    
   8262.50000       10.4289207    
   8275.00000       10.4559326    
   8287.50000       10.4865236    
   8300.00000       10.5207043    
   8312.50000       10.5545988    
   8325.00000       10.5852871    
   8337.50000       10.6139507    
   8350.00000       10.6440134    
   8362.50000       10.6773968    
   8375.00000       10.7125168    
   8387.50000       10.7459106    
   8400.00000       10.7764149    
   8412.50000       10.8066158    
   8425.00000       10.8393106    
   8437.50000       10.8743200    
   8450.00000       10.9092741    
   8462.50000       10.9419308    
   8475.00000       10.9723930    
   8487.50000       11.0040560    
   8500.00000       11.0396395    
   8512.50000       11.0760307    
   8525.00000       11.1083069    
   8537.50000       11.1381245    
   8550.00000       11.1708965    
   8562.50000       11.2067785    
   8575.00000       11.2417545    
   8587.50000       11.2741470    
   8600.00000       11.3052664    
   8612.50000       11.3377028    
   8625.00000       11.3731327    
   8637.50000       11.4087543    
   8650.00000       11.4407616    
   8662.50000       11.4717178    
   8675.00000       11.5061502    
   8687.50000       11.5421762    
   8700.00000       11.5760231    
   8712.50000       11.6085730    
   8725.00000       11.6419048    
   8737.50000       11.6763983    
   8750.00000       11.7119102    
   8762.50000       11.7467899    
   8775.00000       11.7796431    
   8787.50000       11.8130598    
   8800.00000       11.8493404    
   8812.50000       11.8857641    
   8825.00000       11.9200068    
   8837.50000       11.9542332    
   8850.00000       11.9903259    
   8862.50000       12.0273809    
   8875.00000       12.0641727    
   8887.50000       12.0999622    
   8900.00000       12.1353292    
   8912.50000       12.1724186    
   8925.00000       12.2109604    
   8937.50000       12.2479553    
   8950.00000       12.2837381    
   8962.50000       12.3214703    
   8975.00000       12.3605833    
   8987.50000       12.3982058    
   9000.00000       12.4348106    
   9012.50000       12.4725285    
   9025.00000       12.5113039    
   9037.50000       12.5499334    
   9050.00000       12.5879230    
   9062.50000       12.6255903    
   9075.00000       12.6637030    
   9087.50000       12.7024393    
   9100.00000       12.7408590    
   9112.50000       12.7785130    
   9125.00000       12.8164921    
   9137.50000       12.8554363    
   9150.00000       12.8939829    
   9162.50000       12.9313240    
   9175.00000       12.9690857    
   9187.50000       13.0080910    
   9200.00000       13.0466614    
   9212.50000       13.0843258    
   9225.00000       13.1225548    
   9237.50000       13.1613483    
   9250.00000       13.1998100    
   9262.50000       13.2381983    
   9275.00000       13.2765999    
   9287.50000       13.3149557    
   9300.00000       13.3540249    
   9312.50000       13.3933725    
   9325.00000       13.4319248    
   9337.50000       13.4707928    
   9350.00000       13.5108223    
   9362.50000       13.5503864    
   9375.00000       13.5892134    
   9387.50000       13.6289616    
   9400.00000       13.6692581    
   9412.50000       13.7089062    
   9425.00000       13.7486610    
   9437.50000       13.7890139    
   9450.00000       13.8293438    
   9462.50000       13.8698826    
   9475.00000       13.9107695    
   9487.50000       13.9515104    
   9500.00000       13.9926720    
   9512.50000       14.0344172    
   9525.00000       14.0753155    
   9537.50000       14.1156406    
   9550.00000       14.1570997    
   9562.50000       14.1988459    
   9575.00000       14.2394857    
   9587.50000       14.2805710    
   9600.00000       14.3230619    
   9612.50000       14.3652172    
   9625.00000       14.4068213    
   9637.50000       14.4495745    
   9650.00000       14.4928093    
   9662.50000       14.5348377    
   9675.00000       14.5768232    
   9687.50000       14.6201773    
   9700.00000       14.6636229    
   9712.50000       14.7065077    
   9725.00000       14.7502794    
   9737.50000       14.7949066    
   9750.00000       14.8390760    
   9762.50000       14.8831806    
   9775.00000       14.9278374    
   9787.50000       14.9725323    
   9800.00000       15.0177231    
   9812.50000       15.0638332    
   9825.00000       15.1096344    
   9837.50000       15.1551504    
   9850.00000       15.2015915    
   9862.50000       15.2481308    
   9875.00000       15.2941475    
   9887.50000       15.3411293    
   9900.00000       15.3888187    
   9912.50000       15.4356003    
   9925.00000       15.4823332    
   9937.50000       15.5299425    
   9950.00000       15.5772791    
   9962.50000       15.6243706    
   9975.00000       15.6721706    
   9987.50000       15.7199545    
   10000.0000       15.7671928    
   10012.5000       15.8145275    
   10025.0000       15.8618832    
   10037.5000       15.9091473    
   10050.0000       15.9568100    
   10062.5000       16.0043221    
   10075.0000       16.0511303    
   10087.5000       16.0982761    
   10100.0000       16.1461277    
   10112.5000       16.1935711    
   10125.0000       16.2405472    
   10137.5000       16.2878189    
   10150.0000       16.3351383    
   10162.5000       16.3823338    
   10175.0000       16.4299641    
   10187.5000       16.4778442    
   10200.0000       16.5253582    
   10212.5000       16.5728302    
   10225.0000       16.6207962    
   10237.5000       16.6690483    
   10250.0000       16.7173500    
   10262.5000       16.7659397    
   10275.0000       16.8149586    
   10287.5000       16.8641129    
   10300.0000       16.9133415    
   10312.5000       16.9631710    
   10325.0000       17.0135593    
   10337.5000       17.0638180    
   10350.0000       17.1143456    
   10362.5000       17.1658363    
   10375.0000       17.2174454    
   10387.5000       17.2688446    
   10400.0000       17.3210888    
   10412.5000       17.3737640    
   10425.0000       17.4260635    
   10437.5000       17.4791508    
   10450.0000       17.5330048    
   10462.5000       17.5860004    
   10475.0000       17.6390381    
   10487.5000       17.6935005    
   10500.0000       17.7477570    
   10512.5000       17.8011150    
   10525.0000       17.8552246    
   10537.5000       17.9099770    
   10550.0000       17.9643841    
   10562.5000       18.0191879    
   10575.0000       18.0743923    
   10587.5000       18.1289806    
   10600.0000       18.1836395    
   10612.5000       18.2390194    
   10625.0000       18.2939415    
   10637.5000       18.3482552    
   10650.0000       18.4032059    
   10662.5000       18.4584999    
   10675.0000       18.5133762    
   10687.5000       18.5684891    
   10700.0000       18.6239986    
   10712.5000       18.6791840    
   10725.0000       18.7343464    
   10737.5000       18.7899075    
   10750.0000       18.8453503    
   10762.5000       18.9007854    
   10775.0000       18.9566727    
   10787.5000       19.0126343    
   10800.0000       19.0686016    
   10812.5000       19.1248608    
   10825.0000       19.1811543    
   10837.5000       19.2376766    
   10850.0000       19.2947388    
   10862.5000       19.3515396    
   10875.0000       19.4080925    
   10887.5000       19.4655418    
   10900.0000       19.5234261    
   10912.5000       19.5807495    
   10925.0000       19.6382675    
   10937.5000       19.6964550    
   10950.0000       19.7546043    
   10962.5000       19.8129120    
   10975.0000       19.8717899    
   10987.5000       19.9304886    
   11000.0000       19.9889355    
   11012.5000       20.0480003    
   11025.0000       20.1073418    
   11037.5000       20.1663265    
   11050.0000       20.2257042    
   11062.5000       20.2857609    
   11075.0000       20.3455887    
   11087.5000       20.4052353    
   11100.0000       20.4654217    
   11112.5000       20.5258827    
   11125.0000       20.5863361    
   11137.5000       20.6470222    
   11150.0000       20.7078457    
   11162.5000       20.7688980    
   11175.0000       20.8304577    
   11187.5000       20.8921471    
   11200.0000       20.9538784    
   11212.5000       21.0161476    
   11225.0000       21.0788193    
   11237.5000       21.1415634    
   11250.0000       21.2045822    
   11262.5000       21.2679596    
   11275.0000       21.3316898    
   11287.5000       21.3957176    
   11300.0000       21.4598312    
   11312.5000       21.5244312    
   11325.0000       21.5897636    
   11337.5000       21.6549454    
   11350.0000       21.7199097    
   11362.5000       21.7857609    
   11375.0000       21.8522186    
   11387.5000       21.9183350    
   11400.0000       21.9845619    
   11412.5000       22.0514336    
   11425.0000       22.1185303    
   11437.5000       22.1855621    
   11450.0000       22.2527676    
   11462.5000       22.3203011    
   11475.0000       22.3880653    
   11487.5000       22.4558697    
   11500.0000       22.5237389    
   11512.5000       22.5917835    
   11525.0000       22.6599483    
   11537.5000       22.7280121    
   11550.0000       22.7959347    
   11562.5000       22.8642273    
   11575.0000       22.9330883    
   11587.5000       23.0016708    
   11600.0000       23.0698795    
   11612.5000       23.1387177    
   11625.0000       23.2079124    
   11637.5000       23.2766914    
   11650.0000       23.3458118    
   11662.5000       23.4155235    
   11675.0000       23.4849987    
   11687.5000       23.5546150    
   11700.0000       23.6248398    
   11712.5000       23.6949329    
   11725.0000       23.7649574    
   11737.5000       23.8355961    
   11750.0000       23.9065342    
   11762.5000       23.9775333    
   11775.0000       24.0490303    
   11787.5000       24.1209888    
   11800.0000       24.1930046    
   11812.5000       24.2651329    
   11825.0000       24.3378372    
   11837.5000       24.4111919    
   11850.0000       24.4845753    
   11862.5000       24.5581017    
   11875.0000       24.6325474    
   11887.5000       24.7072411    
   11900.0000       24.7812843    
   11912.5000       24.8558445    
   11925.0000       24.9314594    
   11937.5000       25.0066071    
   11950.0000       25.0814342    
   11962.5000       25.1575222    
   11975.0000       25.2341022    
   11987.5000       25.3099251    
   12000.0000       25.3862705    
   12012.5000       25.4637680    
   12025.0000       25.5407562    
   12037.5000       25.6170197    
   12050.0000       25.6940441    
   12062.5000       25.7715683    
   12075.0000       25.8486366    
   12087.5000       25.9259472    
   12100.0000       26.0039692    
   12112.5000       26.0819511    
   12125.0000       26.1597366    
   12137.5000       26.2377472    
   12150.0000       26.3158684    
   12162.5000       26.3938370    
   12175.0000       26.4718151    
   12187.5000       26.5502396    
   12200.0000       26.6291542    
   12212.5000       26.7081070    
   12225.0000       26.7870445    
   12237.5000       26.8662338    
   12250.0000       26.9454079    
   12262.5000       27.0245552    
   12275.0000       27.1042614    
   12287.5000       27.1844730    
   12300.0000       27.2649097    
   12312.5000       27.3456879    
   12325.0000       27.4265461    
   12337.5000       27.5075397    
   12350.0000       27.5894203    
   12362.5000       27.6717892    
   12375.0000       27.7539215    
   12387.5000       27.8366051    
   12400.0000       27.9201698    
   12412.5000       28.0036621    
   12425.0000       28.0872688    
   12437.5000       28.1717815    
   12450.0000       28.2566319    
   12462.5000       28.3413124    
   12475.0000       28.4264984    
   12487.5000       28.5120964    
   12500.0000       28.5972481    
   12512.5000       28.6822777    
   12525.0000       28.7675953    
   12537.5000       28.8521900    
   12550.0000       28.9357376    
   12562.5000       29.0191193    
   12575.0000       29.1016693    
   12587.5000       29.1819248    
   12600.0000       29.2602634    
   12612.5000       29.3369904    
   12625.0000       29.4106331    
   12637.5000       29.4803085    
   12650.0000       29.5460892    
   12662.5000       29.6069374    
   12675.0000       29.6612892    
   12687.5000       29.7084484    
   12700.0000       29.7475681    
   12712.5000       29.7766075    
   12725.0000       29.7933750    
   12737.5000       29.7966671    
   12750.0000       29.7848740    
   12762.5000       29.7545643    
   12775.0000       29.7024307    
   12787.5000       29.6264935    
   12800.0000       29.5233746    
   12812.5000       29.3881760    
   12825.0000       29.2169590    
   12837.5000       29.0054092    
   12850.0000       28.7473488    
   12862.5000       28.4370232    
   12875.0000       28.0692024    
   12887.5000       27.6369457    
   12900.0000       27.1327019    
   12912.5000       26.5492611    
   12925.0000       25.8783264    
   12937.5000       25.1108913    
   12950.0000       24.2383251    
   12962.5000       23.2513428    
   12975.0000       22.1397457    
   12987.5000       20.8936768    
   13000.0000       19.5036068    
   13012.5000       17.9597664    
   13025.0000       16.2522659    
   13037.5000       14.3716383    
   13050.0000       12.3092756    
   13062.5000       10.0570087    
   13075.0000       7.60678101    
   13087.5000       4.95189571    
   13100.0000       2.08762598    
   13112.5000     -0.989839852    
   13125.0000      -4.28299475    
   13137.5000      -7.79155207    
   13150.0000      -11.5130196    
   13162.5000      -15.4435635    
   13175.0000      -19.5769958    
   13187.5000      -23.9037971    
   13200.0000      -28.4114571    
   13212.5000      -33.0850830    
   13225.0000      -37.9072838    
   13237.5000      -42.8568344    
   13250.0000      -47.9086075    
   13262.5000      -53.0358696    
   13275.0000      -58.2100563    
   13287.5000      -63.3984375    
   13300.0000      -68.5655060    
   13312.5000      -73.6753082    
   13325.0000      -78.6891785    
   13337.5000      -83.5654526    
   13350.0000      -88.2630997    
   13362.5000      -92.7415085    
   13375.0000      -96.9582367    
   13387.5000      -100.871643    
   13400.0000      -104.442307    
   13412.5000      -107.631042    
   13425.0000      -110.400360    
   13437.5000      -112.717308    
   13450.0000      -114.551582    
   13462.5000      -115.875641    
   13475.0000      -116.667793    
   13487.5000      -116.910187    
   13500.0000      -116.588539    
   13512.5000      -115.695740    
   13525.0000      -114.230545    
   13537.5000      -112.195694    
   13550.0000      -109.600838    
   13562.5000      -106.461464    
   13575.0000      -102.796494    
   13587.5000      -98.6318207    
   13600.0000      -93.9994049    
   13612.5000      -88.9330292    
   13625.0000      -83.4720764    
   13637.5000      -77.6617050    
   13650.0000      -71.5465698    
   13662.5000      -65.1734390    
   13675.0000      -58.5948372    
   13687.5000      -51.8627663    
   13700.0000      -45.0272713    
   13712.5000      -38.1410637    
   13725.0000      -31.2561340    
   13737.5000      -24.4205818    
   13750.0000      -17.6820583    
   13762.5000      -11.0867577    
   13775.0000      -4.67591000    
   13787.5000       1.51253963    
   13800.0000       7.44329548    
   13812.5000       13.0860701    
   13825.0000       18.4151020    
   13837.5000       23.4079990    
   13850.0000       28.0473499    
   13862.5000       32.3212128    
   13875.0000       36.2213249    
   13887.5000       39.7432785    
   13900.0000       42.8875389    
   13912.5000       45.6580734    
   13925.0000       48.0614014    
   13937.5000       50.1078529    
   13950.0000       51.8111420    
   13962.5000       53.1863174    
   13975.0000       54.2498398    
   13987.5000       55.0205154    
   14000.0000       55.5189362    
   14012.5000       55.7660828    
   14025.0000       55.7825470    
   14037.5000       55.5897980    
   14050.0000       55.2106323    
   14062.5000       54.6663666    
   14075.0000       53.9772186    
   14087.5000       53.1649742    
   14100.0000       52.2495270    
   14112.5000       51.2467499    
   14125.0000       50.1739235    
   14137.5000       49.0489731    
   14150.0000       47.8843956    
   14162.5000       46.6913452    
   14175.0000       45.4839516    
   14187.5000       44.2732620    
   14200.0000       43.0662384    
   14212.5000       41.8718567    
   14225.0000       40.6986084    
   14237.5000       39.5497704    
   14250.0000       38.4284973    
   14262.5000       37.3408203    
   14275.0000       36.2896690    
   14287.5000       35.2744675    
   14300.0000       34.2972336    
   14312.5000       33.3606491    
   14325.0000       32.4631920    
   14337.5000       31.6031742    
   14350.0000       30.7817631    
   14362.5000       29.9981728    
   14375.0000       29.2493477    
   14387.5000       28.5346622    
   14400.0000       27.8547974    
   14412.5000       27.2081738    
   14425.0000       26.5922813    
   14437.5000       26.0065937    
   14450.0000       25.4519691    
   14462.5000       24.9274521    
   14475.0000       24.4307613    
   14487.5000       23.9628372    
   14500.0000       23.5255108    
   14512.5000       23.1160583    
   14525.0000       22.7319202    
   14537.5000       22.3739128    
   14550.0000       22.0387497    
   14562.5000       21.7198792    
   14575.0000       21.4154968    
   14587.5000       21.1241245    
   14600.0000       20.8398228    
   14612.5000       20.5594406    
   14625.0000       20.2839203    
   14637.5000       20.0122471    
   14650.0000       19.7440605    
   14662.5000       19.4831142    
   14675.0000       19.2323723    
   14687.5000       18.9916725    
   14700.0000       18.7607021    
   14712.5000       18.5391560    
   14725.0000       18.3248253    
   14737.5000       18.1141224    
   14750.0000       17.9048500    
   14762.5000       17.6972790    
   14775.0000       17.4918251    
   14787.5000       17.2887421    
   14800.0000       17.0906296    
   14812.5000       16.8999996    
   14825.0000       16.7152348    
   14837.5000       16.5340118    
   14850.0000       16.3559799    
   14862.5000       16.1791267    
   14875.0000       16.0010910    
   14887.5000       15.8237152    
   14900.0000       15.6493740    
   14912.5000       15.4776955    
   14925.0000       15.3093462    
   14937.5000       15.1450701    
   14950.0000       14.9818583    
   14962.5000       14.8171759    
   14975.0000       14.6519146    
   14987.5000       14.4864159    
   15000.0000       14.3209753    
   15012.5000       14.1579771    
   15025.0000       13.9977360    
   15037.5000       13.8376408    
   15050.0000       13.6764832    
   15062.5000       13.5140171    
   15075.0000       13.3497486    
   15087.5000       13.1851320    
   15100.0000       13.0219517    
   15112.5000       12.8595314    
   15125.0000       12.6966057    
   15137.5000       12.5324373    
   15150.0000       12.3662729    
   15162.5000       12.1985111    
   15175.0000       12.0303326    
   15187.5000       11.8622494    
   15200.0000       11.6943359    
   15212.5000       11.5256939    
   15225.0000       11.3549519    
   15237.5000       11.1823683    
   15250.0000       11.0085096    
   15262.5000       10.8332672    
   15275.0000       10.6579170    
   15287.5000       10.4827595    
   15300.0000       10.3050461    
   15312.5000       10.1241426    
   15325.0000       9.94198608    
   15337.5000       9.75801086    
   15350.0000       9.57183456    
   15362.5000       9.38551235    
   15375.0000       9.19784164    
   15387.5000       9.00564671    
   15400.0000       8.81015778    
   15412.5000       8.61341572    
   15425.0000       8.41431808    
   15437.5000       8.21258163    
   15450.0000       8.00862503    
   15462.5000       7.80053520    
   15475.0000       7.58755589    
   15487.5000       7.37190437    
   15500.0000       7.15420628    
   15512.5000       6.93272114    
   15525.0000       6.70671463    
   15537.5000       6.47631073    
   15550.0000       6.24121761    
   15562.5000       6.00188732    
   15575.0000       5.75918865    
   15587.5000       5.51240158    
   15600.0000       5.25997114    
   15612.5000       5.00170755    
   15625.0000       4.73845100    
   15637.5000       4.47059870    
   15650.0000       4.19782209    
   15662.5000       3.91939569    
   15675.0000       3.63453484    
   15687.5000       3.34289837    
   15700.0000       3.04512119    
   15712.5000       2.74225473    
   15725.0000       2.43367624    
   15737.5000       2.11719990    
   15750.0000       1.79241359    
   15762.5000       1.46069217    
   15775.0000       1.12189031    
   15787.5000      0.774992943    
   15800.0000      0.419858456    
   15812.5000       5.55412918E-02
   15825.0000     -0.319042325    
   15837.5000     -0.702877939    
   15850.0000      -1.09555697    
   15862.5000      -1.49938107    
   15875.0000      -1.91617835    
   15887.5000      -2.34560895    
   15900.0000      -2.78703761    
   15912.5000      -3.24097729    
   15925.0000      -3.70923281    
   15937.5000      -4.19360256    
   15950.0000      -4.69466734    
   15962.5000      -5.21275043    
   15975.0000      -5.74852753    
   15987.5000      -6.30293608    
   16000.0000      -6.87823534    
   16012.5000      -7.47676659    
   16025.0000      -8.09846020    
   16037.5000      -8.74332619    
   16050.0000      -9.41436958    
   16062.5000      -10.1144676    
   16075.0000      -10.8440094    
   16087.5000      -11.6039324    
   16100.0000      -12.3969564    
   16112.5000      -13.2251701    
   16125.0000      -14.0901814    
   16137.5000      -14.9947605    
   16150.0000      -15.9409752    
   16162.5000      -16.9292831    
   16175.0000      -17.9619923    
   16187.5000      -19.0432701    
   16200.0000      -20.1748352    
   16212.5000      -21.3569374    
   16225.0000      -22.5917435    
   16237.5000      -23.8813972    
   16250.0000      -25.2268276    
   16262.5000      -26.6299629    
   16275.0000      -28.0920696    
   16287.5000      -29.6119423    
   16300.0000      -31.1891346    
   16312.5000      -32.8245354    
   16325.0000      -34.5168152    
   16337.5000      -36.2627182    
   16350.0000      -38.0593796    
   16362.5000      -39.9036255    
   16375.0000      -41.7905273    
   16387.5000      -43.7136650    
   16400.0000      -45.6657829    
   16412.5000      -47.6385727    
   16425.0000      -49.6222000    
   16437.5000      -51.6055832    
   16450.0000      -53.5761261    
   16462.5000      -55.5191460    
   16475.0000      -57.4189873    
   16487.5000      -59.2594833    
   16500.0000      -61.0218124    
   16512.5000      -62.6852150    
   16525.0000      -64.2292633    
   16537.5000      -65.6322098    
   16550.0000      -66.8701324    
   16562.5000      -67.9191360    
   16575.0000      -68.7548447    
   16587.5000      -69.3520355    
   16600.0000      -69.6865005    
   16612.5000      -69.7341156    
   16625.0000      -69.4701004    
   16637.5000      -68.8719559    
   16650.0000      -67.9192505    
   16662.5000      -66.5915451    
   16675.0000      -64.8713455    
   16687.5000      -62.7450218    
   16700.0000      -60.2002640    
   16712.5000      -57.2280502    
   16725.0000      -53.8245468    
   16737.5000      -49.9888916    
   16750.0000      -45.7238846    
   16762.5000      -41.0379677    
   16775.0000      -35.9436913    
   16787.5000      -30.4577866    
   16800.0000      -24.6024494    
   16812.5000      -18.4038506    
   16825.0000      -11.8923473    
   16837.5000      -5.10381699    
   16850.0000       1.92244840    
   16862.5000       9.14447594    
   16875.0000       16.5159016    
   16887.5000       23.9876022    
   16900.0000       31.5095787    
   16912.5000       39.0295181    
   16925.0000       46.4933052    
   16937.5000       53.8475800    
   16950.0000       61.0395432    
   16962.5000       68.0166779    
   16975.0000       74.7287369    
   16987.5000       81.1284485    
   17000.0000       87.1704788    
   17012.5000       92.8131104    
   17025.0000       98.0199509    
   17037.5000       102.758690    
   17050.0000       107.001083    
   17062.5000       110.725105    
   17075.0000       113.914528    
   17087.5000       116.557404    
   17100.0000       118.648392    
   17112.5000       120.188828    
   17125.0000       121.183838    
   17137.5000       121.643265    
   17150.0000       121.583641    
   17162.5000       121.026001    
   17175.0000       119.994492    
   17187.5000       118.517349    
   17200.0000       116.626350    
   17212.5000       114.356087    
   17225.0000       111.743439    
   17237.5000       108.825981    
   17250.0000       105.642395    
   17262.5000       102.233086    
   17275.0000       98.6374435    
   17287.5000       94.8935852    
   17300.0000       91.0396500    
   17312.5000       87.1119919    
   17325.0000       83.1439972    
   17337.5000       79.1681519    
   17350.0000       75.2148743    
   17362.5000       71.3102188    
   17375.0000       67.4781952    
   17387.5000       63.7412033    
   17400.0000       60.1177330    
   17412.5000       56.6233444    
   17425.0000       53.2718124    
   17437.5000       50.0736160    
   17450.0000       47.0368042    
   17462.5000       44.1683846    
   17475.0000       41.4720612    
   17487.5000       38.9481277    
   17500.0000       36.5968094    
   17512.5000       34.4168816    
   17525.0000       32.4030113    
   17537.5000       30.5491657    
   17550.0000       28.8506966    
   17562.5000       27.3009510    
   17575.0000       25.8917007    
   17587.5000       24.6160526    
   17600.0000       23.4666367    
   17612.5000       22.4346561    
   17625.0000       21.5118561    
   17637.5000       20.6900406    
   17650.0000       19.9605980    
   17662.5000       19.3156662    
   17675.0000       18.7473450    
   17687.5000       18.2479858    
   17700.0000       17.8116837    
   17712.5000       17.4324341    
   17725.0000       17.1037254    
   17737.5000       16.8210411    
   17750.0000       16.5798416    
   17762.5000       16.3737679    
   17775.0000       16.1987228    
   17787.5000       16.0530529    
   17800.0000       15.9331236    
   17812.5000       15.8348293    
   17825.0000       15.7569370    
   17837.5000       15.6987162    
   17850.0000       15.6577625    
   17862.5000       15.6314106    
   17875.0000       15.6174030    
   17887.5000       15.6134262    
   17900.0000       15.6173401    
   17912.5000       15.6268587    
   17925.0000       15.6391096    
   17937.5000       15.6514215    
   17950.0000       15.6615286    
   17962.5000       15.6664257    
   17975.0000       15.6631184    
   17987.5000       15.6507568    
   18000.0000       15.6303473    
   18012.5000       15.6036530    
   18025.0000       15.5736847    
   18037.5000       15.5438852    
   18050.0000       15.5167961    
   18062.5000       15.4947090    
   18075.0000       15.4790134    
   18087.5000       15.4689960    
   18100.0000       15.4635096    
   18112.5000       15.4609499    
   18125.0000       15.4573307    
   18137.5000       15.4488640    
   18150.0000       15.4345760    
   18162.5000       15.4144201    
   18175.0000       15.3899107    
   18187.5000       15.3658524    
   18200.0000       15.3463326    
   18212.5000       15.3322659    
   18225.0000       15.3242521    
   18237.5000       15.3213873    
   18250.0000       15.3185101    
   18262.5000       15.3108997    
   18275.0000       15.2983389    
   18287.5000       15.2814932    
   18300.0000       15.2607880    
   18312.5000       15.2400064    
   18325.0000       15.2240591    
   18337.5000       15.2137737    
   18350.0000       15.2071276    
   18362.5000       15.2015371    
   18375.0000       15.1930256    
   18387.5000       15.1786060    
   18400.0000       15.1592159    
   18412.5000       15.1372900    
   18425.0000       15.1156311    
   18437.5000       15.0985327    
   18450.0000       15.0874701    
   18462.5000       15.0780077    
   18475.0000       15.0652771    
   18487.5000       15.0478840    
   18500.0000       15.0259743    
   18512.5000       15.0010548    
   18525.0000       14.9769239    
   18537.5000       14.9571257    
   18550.0000       14.9416981    
   18562.5000       14.9270296    
   18575.0000       14.9092331    
   18587.5000       14.8873329    
   18600.0000       14.8623495    
   18612.5000       14.8356304    
   18625.0000       14.8097658    
   18637.5000       14.7876663    
   18650.0000       14.7694626    
   18662.5000       14.7518978    
   18675.0000       14.7307243    
   18687.5000       14.7042789    
   18700.0000       14.6753368    
   18712.5000       14.6482143    
   18725.0000       14.6248751    
   18737.5000       14.6047173    
   18750.0000       14.5854206    
   18762.5000       14.5635281    
   18775.0000       14.5367355    
   18787.5000       14.5068130    
   18800.0000       14.4790125    
   18812.5000       14.4566746    
   18825.0000       14.4372768    
   18837.5000       14.4160643    
   18850.0000       14.3909655    
   18862.5000       14.3623333    
   18875.0000       14.3325109    
   18887.5000       14.3053885    
   18900.0000       14.2821465    
   18912.5000       14.2598515    
   18925.0000       14.2353630    
   18937.5000       14.2072649    
   18950.0000       14.1762733    
   18962.5000       14.1457996    
   18975.0000       14.1186771    
   18987.5000       14.0937929    
   19000.0000       14.0679407    
   19012.5000       14.0387783    
   19025.0000       14.0062742    
   19037.5000       13.9729767    
   19050.0000       13.9416914    
   19062.5000       13.9128590    
   19075.0000       13.8842812    
   19087.5000       13.8525629    
   19100.0000       13.8166103    
   19112.5000       13.7795696    
   19125.0000       13.7450781    
   19137.5000       13.7131977    
   19150.0000       13.6810627    
   19162.5000       13.6459351    
   19175.0000       13.6079483    
   19187.5000       13.5697165    
   19200.0000       13.5331230    
   19212.5000       13.4984407    
   19225.0000       13.4645710    
   19237.5000       13.4282074    
   19250.0000       13.3877239    
   19262.5000       13.3472109    
   19275.0000       13.3105021    
   19287.5000       13.2753839    
   19300.0000       13.2385740    
   19312.5000       13.1999454    
   19325.0000       13.1602097    
   19337.5000       13.1205111    
   19350.0000       13.0827808    
   19362.5000       13.0466347    
   19375.0000       13.0090561    
   19387.5000       12.9687033    
   19400.0000       12.9276543    
   19412.5000       12.8885460    
   19425.0000       12.8514004    
   19437.5000       12.8136024    
   19450.0000       12.7732477    
   19462.5000       12.7315531    
   19475.0000       12.6904869    
   19487.5000       12.6501570    
   19500.0000       12.6100731    
   19512.5000       12.5698557    
   19525.0000       12.5281391    
   19537.5000       12.4845467    
   19550.0000       12.4413252    
   19562.5000       12.3998013    
   19575.0000       12.3581123    
   19587.5000       12.3141613    
   19600.0000       12.2683468    
   19612.5000       12.2229767    
   19625.0000       12.1792984    
   19637.5000       12.1354885    
   19650.0000       12.0895948    
   19662.5000       12.0423717    
   19675.0000       11.9950485    
   19687.5000       11.9482260    
   19700.0000       11.9024248    
   19712.5000       11.8559322    
   19725.0000       11.8065128    
   19737.5000       11.7561588    
   19750.0000       11.7076464    
   19762.5000       11.6597662    
   19775.0000       11.6109362    
   19787.5000       11.5611782    
   19800.0000       11.5101585    
   19812.5000       11.4590597    
   19825.0000       11.4096689    
   19837.5000       11.3597889    
   19850.0000       11.3067532    
   19862.5000       11.2526770    
   19875.0000       11.1996956    
   19887.5000       11.1461611    
   19900.0000       11.0911198    
   19912.5000       11.0357704    
   19925.0000       10.9800444    
   19937.5000       10.9233932    
   19950.0000       10.8668270    
   19962.5000       10.8105087    
   19975.0000       10.7525835    
   19987.5000       10.6924629    
   20000.0000       10.6319256    
   20012.5000       10.5719709    
   20025.0000       10.5112648    
   20037.5000       10.4485931    
   20050.0000       10.3850470    
   20062.5000       10.3221788    
   20075.0000       10.2594185    
   20087.5000       10.1957026    
   20100.0000       10.1312761    
   20112.5000       10.0659103    
   20125.0000       9.99926281    
   20137.5000       9.93291378    
   20150.0000       9.86745262    
   20162.5000       9.80088711    
   20175.0000       9.73322582    
   20187.5000       9.66664410    
   20200.0000       9.60063553    
   20212.5000       9.53314972    
   20225.0000       9.46450615    
   20237.5000       9.39622021    
   20250.0000       9.32867336    
   20262.5000       9.26108932    
   20275.0000       9.19268799    
   20287.5000       9.12410450    
   20300.0000       9.05623913    
   20312.5000       8.98810577    
   20325.0000       8.91876793    
   20337.5000       8.84913349    
   20350.0000       8.77953529    
   20362.5000       8.70937443    
   20375.0000       8.63930511    
   20387.5000       8.56958771    
   20400.0000       8.49859333    
   20412.5000       8.42603683    
   20425.0000       8.35361385    
   20437.5000       8.28140163    
   20450.0000       8.20814610    
   20462.5000       8.13397026    
   20475.0000       8.05933189    
   20487.5000       7.98386383    
   20500.0000       7.90743256    
   20512.5000       7.82992983    
   20525.0000       7.75114250    
   20537.5000       7.67163086    
   20550.0000       7.59187269    
   20562.5000       7.51157093    
   20575.0000       7.43014050    
   20587.5000       7.34671068    
   20600.0000       7.26175785    
   20612.5000       7.17732859    
   20625.0000       7.09286833    
   20637.5000       7.00628710    
   20650.0000       6.91901731    
   20662.5000       6.83231115    
   20675.0000       6.74385071    
   20687.5000       6.65373278    
   20700.0000       6.56446648    
   20712.5000       6.47508717    
   20725.0000       6.38425446    
   20737.5000       6.29327011    
   20750.0000       6.20183039    
   20762.5000       6.10897064    
   20775.0000       6.01618671    
   20787.5000       5.92383099    
   20800.0000       5.83038282    
   20812.5000       5.73625135    
   20825.0000       5.64231491    
   20837.5000       5.54771852    
   20850.0000       5.45237350    
   20862.5000       5.35723114    
   20875.0000       5.26201725    
   20887.5000       5.16619825    
   20900.0000       5.07004738    
   20912.5000       4.97328043    
   20925.0000       4.87567234    
   20937.5000       4.77818584    
   20950.0000       4.68069077    
   20962.5000       4.58166981    
   20975.0000       4.48149967    
   20987.5000       4.38150787    
   21000.0000       4.28111172    
   21012.5000       4.17994595    
   21025.0000       4.07883072    
   21037.5000       3.97701192    
   21050.0000       3.87342334    
   21062.5000       3.76917315    
   21075.0000       3.66512394    
   21087.5000       3.56036019    
   21100.0000       3.45432973    
   21112.5000       3.34762335    
   21125.0000       3.24067092    
   21137.5000       3.13296580    
   21150.0000       3.02415252    
   21162.5000       2.91512728    
   21175.0000       2.80608177    
   21187.5000       2.69552326    
   21200.0000       2.58340001    
   21212.5000       2.47135878    
   21225.0000       2.35938549    
   21237.5000       2.24636722    
   21250.0000       2.13240075    
   21262.5000       2.01799536    
   21275.0000       1.90304124    
   21287.5000       1.78711891    
   21300.0000       1.67026496    
   21312.5000       1.55324244    
   21325.0000       1.43591869    
   21337.5000       1.31706166    
   21350.0000       1.19693589    
   21362.5000       1.07675588    
   21375.0000      0.956044376    
   21387.5000      0.833825350    
   21400.0000      0.710330665    
   21412.5000      0.586131811    
   21425.0000      0.461629927    
   21437.5000      0.336603910    
   21450.0000      0.209903315    
   21462.5000       8.12909752E-02
   21475.0000      -4.78946455E-02
   21487.5000     -0.177166671    
   21500.0000     -0.307705939    
   21512.5000     -0.440074116    
   21525.0000     -0.573227048    
   21537.5000     -0.706615210    
   21550.0000     -0.841192424    
   21562.5000     -0.977208614    
   21575.0000      -1.11373878    
   21587.5000      -1.25102043    
   21600.0000      -1.38985932    
   21612.5000      -1.52958882    
   21625.0000      -1.66951561    
   21637.5000      -1.81010222    
   21650.0000      -1.95174515    
   21662.5000      -2.09455395    
   21675.0000      -2.23817801    
   21687.5000      -2.38166142    
   21700.0000      -2.52544761    
   21712.5000      -2.67095232    
   21725.0000      -2.81745291    
   21737.5000      -2.96373224    
   21750.0000      -3.11072445    
   21762.5000      -3.25872755    
   21775.0000      -3.40671349    
   21787.5000      -3.55552387    
   21800.0000      -3.70597839    
   21812.5000      -3.85638022    
   21825.0000      -4.00647259    
   21837.5000      -4.15828991    
   21850.0000      -4.31154728    
   21862.5000      -4.46471310    
   21875.0000      -4.61858177    
   21887.5000      -4.77382278    
   21900.0000      -4.92968035    
   21912.5000      -5.08664131    
   21925.0000      -5.24521255    
   21937.5000      -5.40409088    
   21950.0000      -5.56311607    
   21962.5000      -5.72382450    
   21975.0000      -5.88611317    
   21987.5000      -6.04886961    
   22000.0000      -6.21263027    
   22012.5000      -6.37816238    
